5 2 3 4 1 1 1 1 5 3 
3 3 1 0 3 4 1 3 2 5 
0 5 0 2 3 5 3 1 0 5 
0 0 0 0 0 0 0 0 0 -1 
0 0 0 0 0 0 0 0 0 -1 
0 0 0 0 0 0 0 0 0 -1 
0 0 0 0 0 0 0 0 0 -1 
0 0 0 0 0 0 0 0 0 -1 
0 0 0 0 0 0 0 0 0 -1 
0 0 0 0 0 0 0 0 0 -1 
0 0 0 0 0 0 0 0 0 -1 
0 0 0 0 0 0 0 0 0 -1 
0 0 0 0 0 0 0 0 0 -1 
0 0 0 0 0 0 0 0 0 -1 
0 0 0 0 0 0 0 0 0 -1 
0 0 0 0 0 0 0 0 0 -1 
0 0 0 0 0 0 0 0 0 -1 
0 0 0 0 0 0 0 0 0 -1 
0 0 0 0 0 0 0 0 0 -1 
0 0 0 0 0 0 0 0 0 -1 
0 0 0 0 0 0 0 0 0 0 
0 0 0 0 0 0 0 0 0 0 
0 0 0 0 0 0 0 0 0 0 
0 0 0 0 0 0 0 0 0 0 
0 0 0 0 0 0 0 0 0 0 
