0
3
12
27
48
76
109
148
193
245
302
365
434
510
591
678
771
871
976
1087
1204
1328
1457
1592
1733
1881
2034
2193
2358
2530
2707
2890
3079
3275
3476
3683
3897
4116
4341
4572
4810
5053
5302
5557
5819
6086
6359
6638
6924
7215
7512
7816
8125
8440
8761
9089
9422
9761
10106
10458
10815
11178
11548
11923
12304
12691
13085
13484
13889
14300
14718
15141
15570
16006
16447
16894
17347
17807
18272
18743
19221
19704
20193
20689
21190
21697
22210
22730
23255
23786
24324
24867
25416
25971
26533
27100
27673
28253
28838
29429
30027
30630
31239
31855
32476
33103
33736
34376
35021
35672
36330
36993
37662
38338
39019
39706
40400
41099
41804
42516
43233
43956
44685
45421
46162
46909
47663
48422
49187
49959
50736
51519
52309
53104
53905
54713
55526
56345
57171
58002
58839
59683
60532
61387
62249
63116
63989
64869
65754
66645
67543
68446
69355
70271
71192
72119
73053
73992
74938
75889
76846
77810
78779
79754
80736
81723
82716
83716
84721
85732
86750
87773
88803
89838
90879
91927
92980
94039
95105
96176
97253
98337
99426
100522
101623
102730
103844
104963
106088
107220
108357
109501
110650
111805
112967
114134
115307
116487
117672
118864
120061
121264
122474
123689
124911
126138
127371
128611
129856
131108
132365
133628
134898
136173
137455
138742
140035
141335
142640
143952
145269
146592
147922
149257
150599
151946
153299
154659
156024
157396
158773
160156
161546
162941
164343
165750
167164
168583
170008
171440
172877
174321
175770
177226
178687
180154
181628
183107
184593
186084
187582
189085
190594
192110
193631
195159
196692
198232
199777
201329
202886
204449
206019
207594
209176
210763
212357
213956
215562
217173
218791
220414
222043
223679
225320
226968
228621
230281
231946
233618
235295
236979
238668
240364
242065
243773
245486
247205
248931
250662
252400
254143
255893
257648
259410
261177
262951
264730
266516
268307
270105
271908
273718
275533
277355
279182
281016
282855
284701
286552
288410
290273
292143
294018
295900
297787
299681
301580
303486
305397
307315
309238
311168
313103
315045
316992
318946
320905
322871
324843
326820
328804
330793
332789
334790
336798
338811
340831
342856
344888
346925
348969
351019
353074
355136
357203
359277
361356
363442
365533
367631
369734
371844
373960
376081
378209
380342
382482
384627
386779
388937
391100
393270
395445
397627
399814
402008
404208
406413
408625
410842
413066
415295
417531
419773
422020
424274
426533
428799
431071
433348
435632
437921
440217
442519
444826
447140
449459
451785
454117
456454
458798
461147
463503
465865
468232
470606
472986
475371
477763
480160
482564
484974
487389
489811
492239
494672
497112
499557
502009
504467
506930
509400
511876
514357
516845
519339
521838
524344
526856
529373
531897
534426
536962
539504
542051
544605
547165
549730
552302
554880
557463
560053
562649
565251
567858
570472
573092
575717
578349
580987
583630
586280
588936
591597
594265
596939
599618
602304
604996
607694
610397
613107
615823
618544
621272
624006
626746
629491
632243
635001
637764
640534
643310
646092
648879
651673
654473
657279
660090
662908
665732
668562
671397
674239
677087
679940
682800
685666
688538
691416
694299
697189
700085
702987
705894
708808
711728
714654
717585
720523
723467
726417
729373
732334
735302
738276
741256
744241
747233
750231
753235
756245
759260
762282
765310
768344
771384
774429
777481
780539
783603
786673
789749
792830
795918
799012
802112
805218
808329
811447
814571
817701
820837
823979
827127
830280
833440
836606
839778
842956
846140
849329
852525
855727
858935
862149
865369
868595
871827
875064
878308
881558
884814
888076
891344
894618
897898
901183
904475
907773
911077
914387
917703
921025
924353
927687
931027
934372
937724
941082
944446
947816
951192
954574
957962
961356
964756
968162
971574
974992
978416
981845
985281
988723
992171
995625
999085
1002551
1006023
1009501
1012985
1016475
1019971
1023473
1026981
1030495
1034015
1037541
1041073
1044611
1048155
1051705
1055261
1058823
1062391
1065965
1069545
1073131
1076723
1080321
1083925
1087535
1091151
1094773
1098401
1102035
1105675
1109321
1112973
1116631
1120295
1123965
1127641
1131323
1135011
1138705
1142405
1146111
1149823
1153542
1157266
1160996
1164732
1168474
1172222
1175976
1179736
1183502
1187274
1191052
1194836
1198626
1202423
1206225
1210033
1213847
1217667
1221493
1225325
1229163
1233007
1236857
1240714
1244576
1248444
1252318
1256198
1260084
1263976
1267874
1271779
1275689
1279605
1283527
1287455
1291389
1295330
1299276
1303228
1307186
1311150
1315120
1319097
1323079
1327067
1331061
1335061
1339067
1343080
1347098
1351122
1355152
1359188
1363231
1367279
1371333
1375393
1379459
1383532
1387610
1391694
1395784
1399881
1403983
1408091
1412205
1416326
1420452
1424584
1428722
1432867
1437017
1441173
1445335
1449504
1453678
1457858
1462044
1466237
1470435
1474639
1478850
1483066
1487288
1491516
1495751
1499991
1504237
1508490
1512748
1517012
1521283
1525559
1529841
1534130
1538424
1542724
1547031
1551343
1555661
1559986
1564316
1568652
1572995
1577343
1581697
1586058
1590424
1594797
1599175
1603559
1607950
1612346
1616748
1621157
1625571
1629992
1634418
1638850
1643289
1647733
1652184
1656640
1661103
1665571
1670045
1674526
1679012
1683505
1688003
1692508
1697018
1701535
1706057
1710585
1715120
1719660
1724207
1728759
1733318
1737882
1742453
1747029
1751612
1756200
1760795
1765395
1770002
1774614
1779233
1783857
1788488
1793124
1797767
1802415
1807070
1811731
1816397
1821070
1825748
1830433
1835123
1839820
1844522
1849231
1853946
1858666
1863393
1868125
1872864
1877609
1882359
1887116
1891878
1896647
1901422
1906202
1910989
1915781
1920580
1925385
1930195
1935012
1939835
1944663
1949498
1954339
1959185
1964038
1968897
1973761
1978632
1983509
1988391
1993280
1998175
2003075
2007982
2012895
2017813
2022738
2027669
2032606
2037548
2042497
2047452
2052413
2057379
2062352
2067331
2072316
2077306
2082303
2087306
2092315
2097329
2102350
2107377
2112410
2117449
2122493
2127544
2132601
2137664
2142733
2147807
2152888
2157975
2163068
2168167
2173272
2178382
2183499
2188622
2193751
2198886
2204027
2209174
2214326
2219485
2224650
2229821
2234998
2240181
2245370
2250565
2255766
2260973
2266185
2271404
2276629
2281860
2287097
2292340
2297589
2302844
2308105
2313372
2318645
2323924
2329209
2334500
2339797
2345100
2350409
2355724
2361045
2366372
2371705
2377044
2382389
2387740
2393097
2398460
2403829
2409204
2414585
2419972
2425365
2430764
2436169
2441581
2446998
2452421
2457850
2463285
2468726
2474173
2479626
2485085
2490550
2496022
2501499
2506982
2512471
2517966
2523467
2528975
2534488
2540007
2545532
2551063
2556600
2562144
2567693
2573248
2578809
2584376
2589950
2595529
2601114
2606705
2612303
2617906
2623515
2629130
2634752
2640379
2646012
2651651
2657297
2662948
2668605
2674269
2679938
2685613
2691295
2696982
2702675
2708375
2714080
2719791
2725509
2731232
2736961
2742697
2748438
2754185
2759939
2765698
2771464
2777235
2783012
2788796
2794585
2800381
2806182
2811989
2817803
2823622
2829448
2835279
2841117
2846960
2852810
2858665
2864527
2870394
2876268
2882147
2888033
2893924
2899822
2905725
2911635
2917550
2923472
2929399
2935333
2941273
2947218
2953170
2959127
2965091
2971061
2977036
2983018
2989005
2994999
3000999
3007004
3013016
3019034
3025057
3031087
3037123
3043164
3049212
3055266
3061325
3067391
3073463
3079540
3085624
3091714
3097810
3103911
3110019
3116133
3122253
3128378
3134510
3140648
3146792
3152942
3159097
3165259
3171427
3177601
3183781
3189966
3196158
3202356
3208560
3214770
3220986
3227208
3233435
3239669
3245909
3252155
3258407
3264665
3270929
3277199
3283475
3289757
3296045
3302339
3308639
3314945
3321257
3327575
3333899
3340229
3346565
3352907
3359255
3365609
3371969
3378335
3384707
3391085
3397469
3403859
3410255
3416657
3423065
3429479
3435899
3442326
3448758
3455196
3461640
3468090
3474546
3481008
3487477
3493951
3500431
3506917
3513409
3519908
3526412
3532922
3539438
3545961
3552489
3559023
3565563
3572110
3578662
3585220
3591784
3598355
3604931
3611513
3618102
3624696
3631296
3637903
3644515
3651133
3657758
3664388
3671025
3677667
3684315
3690970
3697630
3704297
3710969
3717648
3724332
3731023
3737719
3744421
3751130
3757844
3764565
3771292
3778024
3784763
3791507
3798258
3805014
3811777
3818545
3825320
3832101
3838887
3845680
3852478
3859283
3866094
3872910
3879733
3886562
3893396
3900237
3907084
3913936
3920795
3927660
3934531
3941407
3948290
3955179
3962073
3968974
3975881
3982794
3989713
3996637
4003568
4010505
4017448
4024397
4031352
4038312
4045279
4052252
4059231
4066216
4073207
4080204
4087207
4094216
4101231
4108252
4115279
4122312
4129351
4136396
4143447
4150504
4157567
4164636
4171711
4178792
4185879
4192972
4200071
4207176
4214287
4221404
4228527
4235656
4242792
4249933
4257080
4264233
4271392
4278557
4285729
4292906
4300089
4307278
4314474
4321675
4328882
4336095
4343315
4350540
4357771
4365009
4372252
4379501
4386757
4394018
4401285
4408559
4415838
4423123
4430415
4437712
4445016
4452325
4459641
4466962
4474289
4481623
4488962
4496308
4503659
4511017
4518380
4525750
4533126
4540507
4547895
4555288
4562688
4570094
4577505
4584923
4592346
4599776
4607212
4614653
4622101
4629555
4637015
4644480
4651952
4659430
4666914
4674403
4681899
4689401
4696909
4704422
4711942
4719468
4727000
4734538
4742082
4749632
4757187
4764749
4772317
4779891
4787471
4795057
4802649
4810247
4817851
4825461
4833077
4840699
4848327
4855961
4863601
4871247
4878899
4886558
4894222
4901892
4909568
4917250
4924938
4932632
4940333
4948039
4955751
4963469
4971193
4978924
4986660
4994402
5002151
5009905
5017665
5025431
5033204
5040982
5048767
5056557
5064353
5072156
5079964
5087779
5095599
5103425
5111258
5119096
5126941
5134791
5142648
5150510
5158379
5166254
5174134
5182021
5189913
5197812
5205717
5213627
5221544
5229466
5237395
5245330
5253271
5261217
5269170
5277129
5285094
5293064
5301041
5309024
5317013
5325008
5333008
5341015
5349028
5357047
5365072
5373103
5381140
5389183
5397232
5405287
5413348
5421415
5429488
5437567
5445652
5453743
5461840
5469943
5478052
5486167
5494288
5502415
5510549
5518688
5526833
5534984
5543141
5551305
5559474
5567649
5575830
5584018
5592211
5600410
5608616
5616827
5625045
5633268
5641497
5649733
5657974
5666222
5674475
5682735
5691000
5699272
5707549
5715833
5724122
5732418
5740719
5749027
5757341
5765660
5773986
5782318
5790655
5798999
5807349
5815704
5824066
5832434
5840808
5849187
5857573
5865965
5874363
5882767
5891177
5899593
5908015
5916442
5924876
5933316
5941762
5950214
5958672
5967136
5975606
5984083
5992565
6001053
6009547
6018047
6026553
6035065
6043583
6052108
6060638
6069174
6077716
6086265
6094819
6103379
6111946
6120518
6129096
6137681
6146271
6154867
6163470
6172078
6180693
6189313
6197940
6206572
6215211
6223855
6232506
6241163
6249825
6258494
6267168
6275849
6284536
6293229
6301927
6310632
6319343
6328060
6336782
6345511
6354246
6362987
6371734
6380487
6389245
6398010
6406781
6415558
6424341
6433130
6441925
6450726
6459533
6468346
6477166
6485991
6494822
6503659
6512502
6521351
6530207
6539068
6547935
6556808
6565688
6574573
6583464
6592362
6601265
6610174
6619090
6628011
6636939
6645872
6654812
6663757
6672709
6681666
6690630
6699600
6708575
6717557
6726544
6735538
6744538
6753544
6762555
6771573
6780597
6789627
6798663
6807704
6816752
6825806
6834866
6843932
6853004
6862082
6871166
6880256
6889352
6898454
6907562
6916676
6925796
6934923
6944055
6953193
6962337
6971487
6980644
6989806
6998974
7008149
7017329
7026515
7035708
7044906
7054111
7063321
7072537
7081760
7090989
7100223
7109464
7118710
7127963
7137222
7146486
7155757
7165034
7174316
7183605
7192900
7202201
7211508
7220820
7230139
7239464
7248795
7258132
7267475
7276824
7286179
7295540
7304907
7314280
7323659
7333045
7342436
7351833
7361236
7370645
7380061
7389482
7398909
7408343
7417782
7427227
7436679
7446136
7455600
7465069
7474545
7484026
7493514
7503007
7512507
7522013
7531524
7541042
7550566
7560096
7569631
7579173
7588721
7598275
7607835
7617401
7626973
7636551
7646134
7655725
7665321
7674923
7684531
7694145
7703765
7713391
7723023
7732662
7742306
7751956
7761612
7771275
7780943
7790617
7800298
7809984
7819677
7829375
7839080
7848790
7858507
7868229
7877958
7887693
7897433
7907180
7916933
7926692
7936457
7946227
7956004
7965787
7975576
7985371
7995172
8004979
8014792
8024611
8034436
8044267
8054104
8063948
8073797
8083652
8093513
8103381
8113254
8123133
8133019
8142910
8152807
8162711
8172620
8182536
8192457
8202385
8212319
8222258
8232204
8242156
8252113
8262077
8272047
8282023
8292005
8301993
8311987
8321987
8331993
8342005
8352023
8362047
8372077
8382113
8392155
8402203
8412258
8422318
8432384
8442456
8452535
8462619
8472710
8482806
8492909
8503017
8513132
8523252
8533379
8543512
8553650
8563795
8573946
8584103
8594265
8604434
8614609
8624790
8634977
8645170
8655369
8665574
8675785
8686002
8696225
8706455
8716690
8726931
8737178
8747432
8757691
8767957
8778228
8788505
8798789
8809079
8819374
8829676
8839983
8850297
8860617
8870942
8881274
8891612
8901956
8912306
8922662
8933024
8943392
8953766
8964146
8974532
8984924
8995322
9005726
9016137
9026553
9036975
9047404
9057838
9068279
9078725
9089177
9099636
9110101
9120571
9131048
9141531
9152019
9162514
9173015
9183522
9194035
9204554
9215079
9225610
9236147
9246690
9257239
9267794
9278355
9288922
9299496
9310075
9320660
9331252
9341849
9352453
9363062
9373678
9384299
9394927
9405561
9416200
9426846
9437498
9448156
9458819
9469489
9480165
9490847
9501535
9512229
9522930
9533636
9544348
9555066
9565790
9576521
9587257
9597999
9608748
9619502
9630263
9641029
9651802
9662581
9673365
9684156
9694953
9705756
9716565
9727380
9738200
9749027
9759861
9770700
9781545
9792396
9803253
9814116
9824986
9835861
9846742
9857630
9868523
9879423
9890328
9901240
9912158
9923081
9934011
9944947
9955889
9966837
9977791
9988751
9999717
10010689
10021667
10032651
10043641
10054637
10065640
10076648
10087662
10098683
10109709
10120742
10131780
10142825
10153876
10164932
10175995
10187064
10198139
10209220
10220307
10231400
10242499
10253604
10264715
10275832
10286955
10298085
10309220
10320361
10331509
10342662
10353822
10364987
10376159
10387337
10398520
10409710
10420906
10432108
10443316
10454530
10465750
10476976
10488208
10499446
10510690
10521941
10533197
10544459
10555728
10567002
10578283
10589569
10600862
10612161
10623466
10634776
10646093
10657416
10668745
10680080
10691421
10702768
10714121
10725481
10736846
10748217
10759595
10770978
10782368
10793763
10805165
10816572
10827986
10839406
10850832
10862263
10873701
10885145
10896595
10908051
10919514
10930982
10942456
10953936
10965423
10976915
10988414
10999918
11011429
11022945
11034468
11045997
11057532
11069073
11080620
11092173
11103732
11115297
11126868
11138445
11150028
11161618
11173213
11184815
11196422
11208036
11219655
11231281
11242913
11254551
11266194
11277844
11289500
11301162
11312831
11324505
11336185
11347871
11359564
11371262
11382966
11394677
11406394
11418116
11429845
11441580
11453321
11465068
11476820
11488579
11500345
11512116
11523893
11535676
11547466
11559261
11571062
11582870
11594684
11606503
11618329
11630161
11641999
11653843
11665693
11677549
11689411
11701279
11713153
11725033
11736920
11748812
11760711
11772615
11784526
11796443
11808365
11820294
11832229
11844170
11856117
11868070
11880029
11891995
11903966
11915943
11927927
11939916
11951912
11963914
11975921
11987935
11999955
12011981
12024013
12036051
12048095
12060145
12072202
12084264
12096332
12108407
12120487
12132574
12144667
12156765
12168870
12180981
12193098
12205221
12217350
12229486
12241627
12253774
12265928
12278087
12290253
12302424
12314602
12326786
12338976
12351172
12363374
12375582
12387796
12400016
12412242
12424475
12436713
12448958
12461208
12473465
12485728
12497997
12510272
12522553
12534840
12547133
12559432
12571737
12584049
12596366
12608690
12621019
12633355
12645697
12658045
12670398
12682758
12695125
12707497
12719875
12732259
12744650
12757046
12769449
12781857
12794272
12806693
12819120
12831553
12843992
12856437
12868888
12881345
12893809
12906278
12918754
12931235
12943723
12956217
12968717
12981223
12993735
13006253
13018777
13031307
13043844
13056386
13068935
13081489
13094050
13106617
13119190
13131769
13144354
13156945
13169542
13182146
13194755
13207370
13219992
13232620
13245254
13257893
13270539
13283191
13295849
13308514
13321184
13333860
13346543
13359231
13371926
13384627
13397334
13410047
13422766
13435491
13448222
13460959
13473703
13486452
13499208
13511969
13524737
13537511
13550291
13563077
13575869
13588667
13601471
13614282
13627098
13639921
13652750
13665584
13678425
13691272
13704125
13716985
13729850
13742721
13755599
13768482
13781372
13794268
13807169
13820077
13832991
13845912
13858838
13871770
13884709
13897653
13910604
13923561
13936523
13949492
13962467
13975449
13988436
14001429
14014429
14027434
14040446
14053463
14066487
14079517
14092553
14105596
14118644
14131698
14144759
14157825
14170898
14183977
14197062
14210153
14223250
14236353
14249462
14262578
14275699
14288827
14301961
14315100
14328246
14341398
14354557
14367721
14380891
14394068
14407250
14420439
14433634
14446835
14460042
14473255
14486474
14499700
14512931
14526169
14539413
14552662
14565918
14579180
14592449
14605723
14619003
14632290
14645582
14658881
14672186
14685497
14698814
14712137
14725467
14738802
14752144
14765491
14778845
14792205
14805571
14818943
14832321
14845706
14859096
14872493
14885896
14899304
14912719
14926140
14939568
14953001
14966440
14979886
14993338
15006795
15020259
15033729
15047206
15060688
15074176
15087671
15101172
15114678
15128191
15141710
15155235
15168767
15182304
15195848
15209397
15222953
15236515
15250083
15263657
15277238
15290824
15304417
15318015
15331620
15345231
15358848
15372471
15386101
15399736
15413378
15427025
15440679
15454339
15468005
15481678
15495356
15509041
15522731
15536428
15550131
15563840
15577555
15591277
15605004
15618738
15632477
15646223
15659975
15673733
15687498
15701268
15715045
15728827
15742616
15756411
15770212
15784019
15797833
15811652
15825478
15839310
15853148
15866992
15880842
15894698
15908561
15922430
15936304
15950185
15964072
15977966
15991865
16005771
16019682
16033600
16047524
16061454
16075390
16089333
16103281
16117236
16131197
16145164
16159137
16173116
16187102
16201093
16215091
16229095
16243105
16257121
16271144
16285172
16299207
16313248
16327294
16341348
16355407
16369472
16383544
16397622
16411705
16425795
16439892
16453994
16468103
16482217
16496338
16510465
16524598
16538737
16552883
16567035
16581192
16595356
16609526
16623703
16637885
16652074
16666268
16680469
16694676
16708890
16723109
16737334
16751566
16765804
16780048
16794298
16808555
16822817
16837086
16851361
16865642
16879929
16894223
16908522
16922828
16937140
16951458
16965782
16980112
16994449
17008792
17023141
17037496
17051857
17066225
17080598
17094978
17109364
17123756
17138154
17152559
17166970
17181386
17195809
17210239
17224674
17239116
17253563
17268017
17282477
17296944
17311416
17325895
17340380
17354871
17369368
17383871
17398381
17412896
17427418
17441946
17456481
17471021
17485568
17500121
17514680
17529245
17543816
17558394
17572978
17587568
17602164
17616766
17631375
17645990
17660610
17675238
17689871
17704510
17719156
17733808
17748466
17763130
17777801
17792477
17807160
17821849
17836545
17851246
17865954
17880668
17895388
17910114
17924846
17939585
17954330
17969081
17983838
17998602
18013371
18028147
18042929
18057718
18072512
18087313
18102120
18116933
18131752
18146577
18161409
18176247
18191091
18205942
18220798
18235661
18250530
18265405
18280286
18295174
18310068
18324968
18339874
18354787
18369705
18384630
18399561
18414499
18429442
18444392
18459348
18474310
18489278
18504253
18519234
18534221
18549214
18564214
18579220
18594231
18609250
18624274
18639305
18654342
18669385
18684434
18699489
18714551
18729619
18744693
18759774
18774861
18789953
18805053
18820158
18835269
18850387
18865511
18880642
18895778
18910921
18926070
18941225
18956387
18971554
18986728
19001908
19017095
19032287
19047486
19062691
19077903
19093120
19108344
19123574
19138811
19154053
19169302
19184557
19199819
19215086
19230360
19245640
19260926
19276219
19291518
19306823
19322134
19337451
19352775
19368105
19383442
19398784
19414133
19429488
19444849
19460217
19475591
19490971
19506357
19521750
19537149
19552554
19567965
19583383
19598807
19614237
19629673
19645116
19660565
19676020
19691481
19706949
19722423
19737903
19753390
19768883
19784382
19799887
19815399
19830917
19846441
19861971
19877508
19893051
19908600
19924156
19939717
19955285
19970860
19986440
20002027
20017620
20033220
20048826
20064438
20080056
20095681
20111311
20126949
20142592
20158242
20173898
20189560
20205228
20220903
20236584
20252272
20267966
20283666
20299372
20315084
20330803
20346529
20362260
20377998
20393742
20409492
20425249
20441012
20456781
20472557
20488338
20504126
20519921
20535722
20551529
20567342
20583162
20598988
20614820
20630658
20646503
20662354
20678212
20694076
20709946
20725822
20741705
20757594
20773489
20789391
20805299
20821213
20837134
20853061
20868994
20884933
20900879
20916831
20932790
20948755
20964726
20980703
20996687
21012677
21028674
21044676
21060686
21076701
21092723
21108751
21124785
21140826
21156873
21172926
21188986
21205052
21221125
21237203
21253288
21269380
21285477
21301581
21317692
21333809
21349932
21366061
21382197
21398339
21414487
21430642
21446803
21462971
21479145
21495325
21511511
21527704
21543904
21560109
21576321
21592539
21608764
21624995
21641232
21657476
21673726
21689983
21706245
21722514
21738790
21755072
21771360
21787655
21803956
21820263
21836577
21852897
21869223
21885556
21901895
21918241
21934592
21950951
21967315
21983686
22000064
22016447
22032838
22049234
22065637
22082046
22098462
22114884
22131312
22147747
22164188
22180636
22197090
22213550
22230017
22246490
22262969
22279455
22295948
22312446
22328951
22345463
22361981
22378505
22395036
22411573
22428116
22444666
22461222
22477785
22494354
22510929
22527511
22544099
22560694
22577295
22593903
22610516
22627137
22643763
22660397
22677036
22693682
22710334
22726993
22743658
22760330
22777008
22793693
22810383
22827081
22843784
22860495
22877211
22893934
22910664
22927399
22944142
22960890
22977646
22994407
23011175
23027950
23044730
23061518
23078311
23095112
23111918
23128731
23145551
23162377
23179209
23196048
23212893
23229745
23246603
23263468
23280339
23297217
23314101
23330991
23347888
23364791
23381701
23398617
23415540
23432469
23449405
23466347
23483296
23500251
23517212
23534180
23551155
23568135
23585123
23602117
23619117
23636124
23653137
23670157
23687183
23704216
23721255
23738301
23755353
23772411
23789476
23806548
23823626
23840711
23857802
23874899
23892003
23909114
23926231
23943354
23960484
23977621
23994764
24011913
24029069
24046232
24063401
24080576
24097758
24114947
24132142
24149344
24166552
24183766
24200987
24218215
24235449
24252690
24269937
24287190
24304451
24321717
24338990
24356270
24373556
24390849
24408149
24425454
24442767
24460086
24477411
24494743
24512082
24529427
24546778
24564136
24581501
24598872
24616250
24633634
24651025
24668423
24685827
24703237
24720654
24738078
24755508
24772945
24790388
24807838
24825294
24842757
24860226
24877702
24895185
24912674
24930170
24947672
24965181
24982697
25000219
25017747
25035282
25052824
25070373
25087928
25105489
25123057
25140632
25158213
25175801
25193395
25210996
25228604
25246218
25263839
25281466
25299100
25316741
25334388
25352042
25369702
25387369
25405043
25422723
25440410
25458103
25475803
25493510
25511223
25528943
25546669
25564402
25582142
25599888
25617641
25635401
25653167
25670940
25688719
25706505
25724298
25742098
25759904
25777716
25795535
25813361
25831194
25849033
25866879
25884731
25902590
25920456
25938329
25956208
25974093
25991986
26009885
26027790
26045703
26063622
26081548
26099480
26117419
26135365
26153317
26171276
26189242
26207214
26225193
26243179
26261171
26279170
26297176
26315188
26333207
26351233
26369266
26387305
26405351
26423403
26441463
26459528
26477601
26495680
26513767
26531859
26549959
26568065
26586178
26604297
26622424
26640557
26658696
26676843
26694996
26713156
26731323
26749496
26767676
26785863
26804056
26822256
26840463
26858677
26876898
26895125
26913359
26931599
26949847
26968101
26986362
27004629
27022904
27041185
27059473
27077768
27096069
27114377
27132692
27151014
27169342
27187678
27206020
27224368
27242724
27261086
27279455
27297831
27316214
27334603
27352999
27371402
27389812
27408229
27426652
27445082
27463519
27481963
27500414
27518871
27537335
27555806
27574284
27592768
27611260
27629758
27648263
27666775
27685293
27703819
27722351
27740890
27759436
27777989
27796549
27815115
27833688
27852268
27870855
27889449
27908050
27926657
27945272
27963893
27982521
28001156
28019797
28038446
28057101
28075764
28094433
28113109
28131792
28150481
28169178
28187881
28206592
28225309
28244033
28262764
28281502
28300247
28318998
28337757
28356522
28375295
28394074
28412860
28431653
28450453
28469260
28488074
28506894
28525722
28544556
28563398
28582246
28601101
28619963
28638832
28657708
28676591
28695481
28714378
28733282
28752192
28771110
28790035
28808966
28827905
28846850
28865802
28884762
28903728
28922701
28941681
28960668
28979662
28998663
29017672
29036687
29055708
29074737
29093773
29112816
29131866
29150923
29169987
29189058
29208136
29227221
29246312
29265411
29284517
29303630
29322750
29341877
29361011
29380152
29399299
29418454
29437616
29456785
29475961
29495144
29514335
29533532
29552736
29571947
29591165
29610390
29629623
29648862
29668109
29687362
29706623
29725890
29745165
29764447
29783735
29803031
29822334
29841644
29860961
29880285
29899617
29918955
29938300
29957653
29977013
29996379
30015753
30035134
30054522
30073917
30093319
30112729
30132145
30151569
30170999
30190437
30209882
30229334
30248793
30268260
30287733
30307214
30326702
30346196
30365698
30385208
30404724
30424247
30443778
30463316
30482861
30502413
30521972
30541539
30561112
30580693
30600281
30619876
30639479
30659088
30678705
30698329
30717960
30737599
30757244
30776897
30796557
30816224
30835899
30855580
30875269
30894965
30914668
30934379
30954097
30973822
30993554
31013293
31033040
31052794
31072555
31092324
31112099
31131882
31151673
31171470
31191275
31211087
31230906
31250733
31270567
31290408
31310256
31330112
31349975
31369845
31389723
31409608
31429500
31449400
31469307
31489221
31509142
31529071
31549007
31568951
31588901
31608860
31628825
31648798
31668778
31688765
31708760
31728762
31748772
31768789
31788813
31808845
31828884
31848930
31868984
31889045
31909114
31929190
31949273
31969364
31989462
32009567
32029680
32049800
32069928
32090063
32110206
32130356
32150513
32170678
32190850
32211030
32231217
32251411
32271613
32291823
32312040
32332264
32352496
32372735
32392982
32413236
32433498
32453767
32474043
32494327
32514619
32534918
32555225
32575539
32595860
32616189
32636526
32656870
32677222
32697581
32717947
32738321
32758703
32779092
32799489
32819893
32840305
32860725
32881152
32901586
32922028
32942478
32962935
32983400
33003872
33024352
33044840
33065335
33085837
33106348
33126865
33147391
33167924
33188465
33209013
33229569
33250132
33270703
33291282
33311869
33332463
33353064
33373674
33394291
33414915
33435547
33456187
33476835
33497490
33518153
33538824
33559502
33580188
33600882
33621583
33642292
33663009
33683733
33704465
33725205
33745953
33766708
33787471
33808242
33829020
33849807
33870601
33891402
33912212
33933029
33953854
33974687
33995527
34016375
34037231
34058095
34078967
34099846
34120733
34141628
34162531
34183442
34204360
34225286
34246220
34267162
34288112
34309069
34330034
34351008
34371989
34392978
34413974
34434979
34455991
34477012
34498040
34519076
34540120
34561171
34582231
34603299
34624374
34645458
34666549
34687648
34708755
34729870
34750993
34772124
34793263
34814410
34835564
34856727
34877898
34899076
34920263
34941457
34962660
34983870
35005088
35026315
35047549
35068792
35090042
35111300
35132567
35153841
35175124
35196414
35217713
35239019
35260334
35281656
35302987
35324326
35345673
35367027
35388390
35409761
35431140
35452527
35473923
35495326
35516737
35538157
35559585
35581020
35602464
35623916
35645376
35666845
35688321
35709805
35731298
35752799
35774308
35795825
35817350
35838884
35860426
35881976
35903534
35925100
35946674
35968257
35989848
36011447
36033054
36054670
36076294
36097926
36119566
36141214
36162871
36184536
36206209
36227891
36249581
36271279
36292985
36314700
36336423
36358154
36379894
36401642
36423398
36445163
36466936
36488717
36510507
36532304
36554111
36575925
36597748
36619580
36641420
36663268
36685124
36706989
36728863
36750744
36772634
36794533
36816440
36838355
36860279
36882212
36904152
36926101
36948059
36970025
36992000
37013983
37035974
37057974
37079983
37102000
37124025
37146060
37168102
37190153
37212213
37234281
37256358
37278443
37300537
37322639
37344750
37366869
37388997
37411134
37433279
37455433
37477596
37499767
37521946
37544135
37566332
37588537
37610751
37632974
37655206
37677446
37699695
37721952
37744218
37766493
37788777
37811069
37833370
37855680
37877998
37900325
37922661
37945006
37967359
37989721
38012092
38034471
38056860
38079257
38101663
38124078
38146501
38168933
38191375
38213825
38236283
38258751
38281227
38303713
38326207
38348710
38371222
38393743
38416272
38438811
38461358
38483914
38506480
38529054
38551637
38574229
38596830
38619440
38642058
38664686
38687323
38709968
38732623
38755287
38777959
38800641
38823332
38846031
38868740
38891458
38914185
38936920
38959665
38982419
39005182
39027954
39050735
39073525
39096325
39119133
39141951
39164777
39187613
39210458
39233312
39256175
39279047
39301929
39324820
39347719
39370628
39393547
39416474
39439411
39462356
39485312
39508276
39531249
39554232
39577224
39600225
39623236
39646256
39669285
39692323
39715371
39738428
39761494
39784570
39807655
39830749
39853853
39876966
39900088
39923220
39946361
39969512
39992672
40015841
40039020
40062208
40085406
40108613
40131829
40155055
40178291
40201536
40224790
40248054
40271327
40294610
40317902
40341204
40364516
40387837
40411167
40434507
40457857
40481216
40504585
40527963
40551351
40574749
40598156
40621573
40644999
40668435
40691881
40715336
40738801
40762276
40785761
40809255
40832759
40856272
40879795
40903328
40926871
40950424
40973986
40997558
41021140
41044731
41068333
41091944
41115565
41139195
41162836
41186487
41210147
41233817
41257497
41281187
41304887
41328596
41352316
41376046
41399785
41423534
41447294
41471063
41494842
41518631
41542430
41566240
41590059
41613888
41637727
41661576
41685436
41709305
41733184
41757074
41780973
41804883
41828802
41852732
41876672
41900622
41924582
41948552
41972533
41996524
42020524
42044535
42068557
42092588
42116629
42140681
42164743
42188816
42212898
42236991
42261094
42285208
42309331
42333465
42357610
42381764
42405929
42430104
42454290
42478486
42502693
42526909
42551137
42575374
42599622
42623881
42648150
42672429
42696719
42721019
42745330
42769651
42793983
42818326
42842679
42867042
42891416
42915800
42940196
42964601
42989017
43013444
43037882
43062330
43086789
43111258
43135738
43160229
43184730
43209243
43233765
43258299
43282843
43307398
43331964
43356541
43381128
43405726
43430335
43454955
43479585
43504227
43528879
43553542
43578216
43602901
43627596
43652303
43677020
43701749
43726488
43751239
43776000
43800772
43825555
43850350
43875155
43899971
43924798
43949637
43974486
43999347
44024218
44049101
44073995
44098900
44123816
44148743
44173681
44198631
44223591
44248563
44273546
44298541
44323546
44348563
44373591
44398630
44423681
44448742
44473816
44498900
44523996
44549103
44574222
44599351
44624493
44649645
44674809
44699985
44725172
44750370
44775580
44800801
44826034
44851279
44876534
44901802
44927081
44952371
44977673
45002987
45028312
45053648
45078997
45104357
45129729
45155112
45180507
45205914
45231332
45256762
45282204
45307658
45333123
45358600
45384089
45409590
45435102
45460627
45486163
45511711
45537271
45562842
45588426
45614022
45639629
45665249
45690880
45716523
45742179
45767846
45793525
45819217
45844920
45870636
45896363
45922103
45947855
45973619
45999394
46025183
46050983
46076795
46102620
46128457
46154306
46180167
46206041
46231926
46257824
46283735
46309657
46335592
46361540
46387499
46413471
46439456
46465452
46491462
46517483
46543517
46569564
46595623
46621694
46647778
46673875
46699984
46726106
46752240
46778387
46804546
46830718
46856903
46883100
46909310
46935532
46961768
46988016
47014276
47040550
47066836
47093135
47119447
47145772
47172109
47198459
47224823
47251199
47277587
47303989
47330404
47356832
47383272
47409726
47436192
47462672
47489165
47515670
47542189
47568721
47595266
47621824
47648395
47674979
47701577
47728187
47754811
47781448
47808098
47834762
47861439
47888129
47914832
47941549
47968278
47995022
48021779
48048549
48075332
48102129
48128939
48155763
48182600
48209451
48236316
48263193
48290085
48316990
48343908
48370840
48397786
48424745
48451718
48478705
48505706
48532720
48559747
48586789
48613844
48640914
48667997
48695093
48722204
48749328
48776467
48803619
48830785
48857965
48885159
48912367
48939590
48966826
48994076
49021340
49048618
49075910
49103217
49130537
49157872
49185221
49212584
49239961
49267353
49294758
49322178
49349613
49377061
49404524
49432001
49459493
49486999
49514520
49542054
49569604
49597167
49624746
49652339
49679946
49707568
49735204
49762855
49790521
49818201
49845896
49873605
49901330
49929069
49956822
49984591
50012374
50040172
50067985
50095813
50123655
50151513
50179385
50207273
50235175
50263092
50291024
50318971
50346934
50374911
50402903
50430911
50458934
50486971
50515024
50543092
50571176
50599274
50627388
50655517
50683661
50711821
50739996
50768186
50796392
50824613
50852850
50881102
50909370
50937653
50965951
50994265
51022595
51050940
51079301
51107678
51136070
51164478
51192902
51221341
51249796
51278267
51306754
51335256
51363774
51392309
51420859
51449425
51478007
51506605
51535219
51563848
51592494
51621156
51649835
51678529
51707239
51735966
51764708
51793467
51822243
51851034
51879842
51908666
51937506
51966363
51995236
52024125
52053031
52081954
52110892
52139848
52168820
52197808
52226813
52255835
52284873
52313928
52343000
52372088
52401193
52430315
52459454
52488609
52517781
52546970
52576176
52605399
52634639
52663896
52693170
52722461
52751769
52781094
52810436
52839795
52869171
52898565
52927976
52957404
52986849
53016312
53045792
53075289
53104803
53134335
53163885
53193452
53223036
53252638
53282257
53311894
53341549
53371221
53400911
53430619
53460344
53490087
53519847
53549626
53579422
53609236
53639068
53668918
53698786
53728672
53758576
53788498
53818437
53848395
53878371
53908366
53938378
53968408
53998457
54028524
54058610
54088713
54118835
54148975
54179134
54209311
54239507
54269721
54299953
54330204
54360474
54390762
54421069
54451395
54481739
54512102
54542484
54572885
54603304
54633742
54664199
54694675
54725170
54755684
54786217
54816769
54847340
54877931
54908540
54939168
54969816
55000483
55031169
55061874
55092599
55123343
55154107
55184890
55215692
55246514
55277355
55308216
55339097
55369997
55400916
55431856
55462815
55493794
55524792
55555811
55586849
55617907
55648985
55680083
55711201
55742339
55773497
55804675
55835874
55867092
55898331
55929589
55960868
55992168
56023487
56054827
56086188
56117568
56148969
56180391
56211833
56243296
56274779
56306283
56337808
56369353
56400919
56432506
56464114
56495742
56527392
56559062
56590753
56622465
56654199
56685953
56717728
56749525
56781342
56813181
56845041
56876923
56908825
56940749
56972695
57004661
57036650
57068659
57100691
57132744
57164818
57196914
57229032
57261171
57293333
57325516
57357720
57389947
57422196
57454466
57486759
57519073
57551410
57583769
57616150
57648553
57680978
57713426
57745895
57778388
57810902
57843439
57875998
57908580
57941185
57973812
58006461
58039133
58071828
58104546
58137286
58170050
58202836
58235645
58268476
58301331
58334209
58367110
58400034
58432981
58465951
58498945
58531962
58565002
58598065
58631152
58664262
58697396
58730553
58763734
58796938
58830166
58863418
58896693
58929992
58963315
58996662
59030033
59063427
59096846
59130289
59163755
59197246
59230761
59264300
59297863
59331451
59365063
59398699
59432360
59466045
59499755
59533489
59567248
59601031
59634839
59668672
59702530
59736412
59770319
59804252
59838209
59872191
59906198
59940230
59974288
60008370
60042478
60076611
60110769
60144953
60179162
60213397
60247657
60281942
60316254
60350591
60384953
60419341
60453755
60488195
60522661
60557153
60591671
60626214
60660784
60695380
60730002
60764650
60799325
60834026
60868753
60903507
60938287
60973093
61007926
61042786
61077673
61112586
61147526
61182492
61217486
61252506
61287554
61322628
61357730
61392858
61428014
61463197
61498407
61533645
61568909
61604202
61639521
61674869
61710244
61745646
61781076
61816534
61852020
61887533
61923074
61958644
61994241
62029866
62065519
62101201
62136911
62172649
62208415
62244209
62280033
62315884
62351764
62387673
62423610
62459576
62495570
62531594
62567646
62603727
62639837
62675976
62712145
62748342
62784568
62820824
62857109
62893423
62929767
62966140
63002543
63038975
63075437
63111929
63148450
63185001
63221582
63258193
63294834
63331505
63368205
63404937
63441698
63478489
63515311
63552163
63589046
63625959
63662903
63699877
63736882
63773918
63810984
63848081
63885210
63922369
63959559
63996780
64034033
64071316
64108631
64145977
64183355
64220764
64258205
64295677
64333180
64370716
64408283
64445882
64483513
64521176
64558871
64596597
64634356
64672148
64709971
64747827
64785715
64823636
64861589
64899574
64937593
64975644
65013727
65051844
65089993
65128176
65166391
65204640
65242921
65281236
65319584
65357966
65396381
65434829
65473311
65511827
65550376
65588959
65627575
65666226
65704911
65743629
65782382
65821169
65859990
65898845
65937734
65976658
66015617
66054610
66093638
66132700
66171797
66210929
66250096
66289298
66328535
66367806
66407114
66446456
66485834
66525247
66564695
66604179
66643699
66683254
66722845
66762472
66802134
66841833
66881568
66921339
66961145
67000989
67040868
67080784
67120736
67160725
67200751
67240813
67280912
67321047
67361220
67401430
67441676
67481960
67522281
67562639
67603035
67643468
67683938
67724446
67764992
67805575
67846197
67886856
67927553
67968288
68009061
68049873
68090722
68131610
68172537
68213502
68254505
68295547
68336628
68377748
68418906
68460104
68501340
68542616
68583931
68625285
68666679
68708112
68749584
68791096
68832648
68874240
68915871
68957542
68999254
69041005
69082797
69124629
69166501
69208413
69250367
69292360
69334395
69376470
69418586
69460743
69502940
69545179
69587459
69629781
69672144
69714548
69756993
69799481
69842009
69884580
69927193
69969847
70012544
70055282
70098063
70140886
70183752
70226660
70269610
70312603
70355639
70398717
70441839
70485003
70528211
70571462
70614756
70658093
70701474
70744898
70788366
70831878
70875433
70919032
70962676
71006363
71050094
71093870
71137690
71181554
71225463
71269417
71313415
71357459
71401547
71445680
71489858
71534081
71578349
71622663
71667023
71711428
71755878
71800375
71844917
71889505
71934139
71978819
72023546
72068318
72113137
72158003
72202915
72247874
72292880
72337933
72383033
72428180
72473374
72518615
72563904
72609240
72654624
72700055
72745534
72791062
72836637
72882260
72927932
72973651
73019420
73065236
73111101
73157015
73202978
73248990
73295051
73341161
73387320
73433528
73479786
73526093
73572450
73618857
73665313
73711820
73758377
73804983
73851640
73898348
73945106
73991914
74038773
74085683
74132644
74179656
74226719
74273833
74320999
74368216
74415485
74462805
74510177
74557601
74605077
74652605
74700185
74747818
74795503
74843241
74891031
74938874
74986770
75034719
75082721
75130776
75178885
75227047
75275263
75323532
75371855
75420232
75468664
75517149
75565688
75614282
75662931
75711634
75760391
75809204
75858071
75906994
75955972
76005005
76054093
76103237
76152437
76201693
76251004
76300372
76349795
76399275
76448811
76498404
76548054
76597760
76647523
76697343
76747220
76797154
76847146
76897195
76947302
76997467
77047689
77097970
77148308
77198705
77249160
77299674
77350246
77400877
77451567
77502315
77553123
77603991
77654917
77705903
77756949
77808054
77859220
77910445
77961730
78013076
78064482
78115949
78167476
78219064
78270713
78322424
78374195
78426028
78477922
78529877
78581895
78633974
78686115
78738319
78790584
78842912
78895303
78947756
79000272
79052851
79105494
79158199
79210967
79263800
79316695
79369655
79422678
79475766
79528917
79582133
79635414
79688759
79742169
79795643
79849183
79902788
79956458
80010194
80063995
80117862
80171795
80225794
80279859
80333990
80388188
80442452
80496783
80551181
80605646
80660179
80714778
80769445
80824180
80878982
80933853
80988791
81043798
81098873
81154017
81209229
81264510
81319860
81375279
81430768
81486325
81541953
81597650
81653417
81709254
81765161
81821139
81877187
81933306
81989496
82045756
82102088
82158491
82214965
82271511
82328129
82384819
82441580
82498414
82555320
82612299
82669351
82726475
82783673
82840943
82898287
82955705
83013196
83070761
83128400
83186113
83243900
83301762
83359699
83417710
83475796
83533958
83592195
83650507
83708895
83767358
83825898
83884514
83943206
84001975
84060820
84119742
84178741
84237817
84296971
84356202
84415511
84474897
84534362
84593905
84653526
84713226
84773004
84832861
84892798
84952813
85012908
85073083
85133337
85193672
85254086
85314581
85375156
85435812
85496548
85557366
85618265
85679245
85740307
85801451
85862676
85923984
85985374
86046846
86108401
86170039
86231760
86293564
86355451
86417422
86479477
86541616
86603838
86666146
86728537
86791014
86853575
86916221
86978953
87041770
87104673
87167661
87230736
87293896
87357144
87420477
87483898
87547406
87611000
87674683
87738452
87802310
87866255
87930289
87994411
88058622
88122921
88187309
88251787
88316354
88381010
88445756
88510592
88575519
88640535
88705642
88770840
88836129
88901509
88966981
89032544
89098199
89163946
89229785
89295716
89361740
89427857
89494067
89560370
89626767
89693257
89759841
89826520
89893292
89960159
90027121
90094178
90161330
90228577
90295920
90363358
90430893
90498524
90566251
90634075
90701996
90770013
90838129
90906341
90974652
91043060
91111567
91180172
91248875
91317678
91386579
91455580
91524681
91593881
91663181
91732581
91802082
91871683
91941385
92011189
92081093
92151100
92221208
92291418
92361730
92432145
92502662
92573283
92644006
92714833
92785764
92856799
92927937
92999181
93070528
93141981
93213538
93285201
93356969
93428843
93500824
93572910
93645103
93717402
93789809
93862323
93934944
94007673
94080510
94153455
94226509
94299671
94372942
94446323
94519813
94593412
94667122
94740941
94814871
94888912
94963064
95037326
95111701
95186187
95260784
95335494
95410317
95485252
95560300
95635462
95710737
95786125
95861628
95937245
96012976
96088822
96164783
96240860
96317052
96393359
96469783
96546323
96622980
96699754
96776645
96853653
96930779
97008023
97085385
97162866
97240465
97318183
97396021
97473978
97552055
97630252
97708570
97787008
97865567
97944247
98023049
98101973
98181018
98260186
98339477
98418890
98498427
98578087
98657871
98737778
98817810
98897967
98978248
99058655
99139187
99219845
99300629
99381539
99462575
99543739
99625029
99706447
99787993
99869667
99951469
100033400
100115460
100197649
100279967
100362415
100444994
100527703
100610542
100693512
100776614
100859847
100943213
101026710
101110340
101194103
101277998
101362028
101446190
101530487
101614919
101699485
101784186
101869022
101953993
102039101
102124345
102209725
102295242
102380896
102466688
102552618
102638685
102724891
102811236
102897719
102984342
103071105
103158008
103245051
103332234
103419559
103507025
103594632
103682382
103770273
103858307
103946485
104034805
104123269
104211877
104300629
104389526
104478567
104567754
104657086
104746565
104836189
104925960
105015878
105105943
105196156
105286517
105377026
105467684
105558490
105649446
105740552
105831807
105923213
106014769
106106477
106198336
106290346
106382509
106474824
106567292
106659913
106752687
106845615
106938698
107031935
107125327
107218874
107312577
107406435
107500450
107594622
107688951
107783437
107878081
107972883
108067844
108162963
108258242
108353681
108449279
108545038
108640957
108737037
108833279
108929683
109026249
109122978
109219869
109316924
109414143
109511526
109609073
109706785
109804662
109902705
110000914
110099289
110197831
110296540
110395417
110494461
110593674
110693056
110792607
110892327
110992217
111092277
111192508
111292911
111393484
111494230
111595147
111696238
111797501
111898938
112000548
112102333
112204293
112306428
112408738
112511224
112613886
112716725
112819741
112922935
113026307
113129856
113233585
113337493
113441580
113545848
113650296
113754924
113859734
113964726
114069899
114175256
114280795
114386517
114492424
114598514
114704790
114811250
114917896
115024727
115131745
115238950
115346343
115453922
115561690
115669647
115777792
115886127
115994652
116103367
116212273
116321370
116430658
116540139
116649812
116759678
116869738
116979992
117090439
117201082
117311920
117422953
117534183
117645609
117757233
117869053
117981072
118093289
118205706
118318321
118431136
118544152
118657368
118770786
118884405
118998226
119112250
119226478
119340908
119455543
119570382
119685427
119800676
119916132
120031794
120147663
120263740
120380024
120496517
120613218
120730129
120847250
120964581
121082123
121199876
121317841
121436018
121554408
121673011
121791828
121910859
122030106
122149567
122269244
122389137
122509248
122629575
122750120
122870884
122991866
123113068
123234490
123356132
123477994
123600078
123722385
123844913
123967664
124090639
124213838
124337261
124460910
124584784
124708884
124833210
124957764
125082545
125207555
125332793
125458261
125583958
125709886
125836045
125962435
126089057
126215911
126342999
126470320
126597875
126725665
126853690
126981951
127110448
127239182
127368154
127497364
127626812
127756499
127886426
128016593
128147001
128277650
128408541
128539675
128671052
128802672
128934537
129066646
129199001
129331602
129464449
129597543
129730885
129864475
129998313
130132402
130266740
130401329
130536168
130671260
130806604
130942201
131078051
131214156
131350515
131487129
131624000
131761127
131898510
132036152
132174052
132312211
132450629
132589308
132728247
132867447
133006910
133146635
133286623
133426875
133567392
133708173
133849220
133990534
134132114
134273962
134416078
134558463
134701117
134844042
134987237
135130703
135274441
135418452
135562736
135707294
135852127
135997235
136142618
136288278
136434215
136580430
136726923
136873696
137020748
137168080
137315694
137463589
137611767
137760227
137908971
138058000
138207314
138356913
138506799
138656971
138807432
138958181
139109219
139260546
139412164
139564073
139716274
139868768
140021555
140174635
140328010
140481680
140635646
140789909
140944469
141099328
141254484
141409941
141565697
141721755
141878113
142034774
142191739
142349006
142506578
142664456
142822639
142981128
143139925
143299030
143458444
143618167
143778200
143938544
144099200
144260168
144421449
144583044
144744954
144907179
145069720
145232578
145395753
145559247
145723059
145887192
146051645
146216419
146381516
146546935
146712678
146878745
147045137
147211856
147378900
147546273
147713973
147882002
148050361
148219051
148388072
148557425
148727111
148897130
149067484
149238173
149409198
149580560
149752260
149924297
150096674
150269391
150442449
150615849
150789590
150963675
151138104
151312878
151487997
151663463
151839276
152015438
152191948
152368808
152546018
152723580
152901494
153079761
153258382
153437357
153616688
153796376
153976420
154156823
154337585
154518706
154700188
154882032
155064238
155246807
155429740
155613038
155796701
155980732
156165129
156349895
156535031
156720536
156906412
157092660
157279281
157466276
157653645
157841389
158029509
158218007
158406883
158596137
158785772
158975787
159166183
159356962
159548125
159739672
159931604
160123922
160316628
160509721
160703203
160897075
161091338
161285992
161481039
161676479
161872314
162068544
162265171
162462194
162659616
162857437
163055658
163254280
163453304
163652731
163852561
164052797
164253438
164454486
164655942
164857806
165060080
165262764
165465860
165669369
165873291
166077628
166282380
166487548
166693134
166899138
167105562
167312406
167519671
167727359
167935470
168144006
168352967
168562354
168772169
168982412
169193085
169404188
169615723
169827690
170040090
170252925
170466196
170679903
170894048
171108632
171323655
171539119
171755025
171971374
172188166
172405404
172623087
172841218
173059796
173278824
173498302
173718231
173938613
174159448
174380738
174602483
174824685
175047344
175270463
175494041
175718080
175942582
176167546
176392975
176618870
176845230
177072059
177299356
177527123
177755361
177984071
178213254
178442911
178673044
178903653
179134740
179366306
179598351
179830878
180063887
180297379
180531356
180765818
181000768
181236205
181472131
181708548
181945456
182182856
182420750
182659140
182898025
183137408
183377289
183617669
183858551
184099935
184341821
184584213
184827109
185070513
185314424
185558845
185803776
186049219
186295175
186541644
186788629
187036131
187284150
187532688
187781746
188031326
188281428
188532054
188783206
189034883
189287089
189539823
189793087
190046883
190301211
190556074
190811471
191067405
191323876
191580887
191838438
192096530
192355166
192614345
192874070
193134342
193395161
193656530
193918450
194180921
194443946
194707525
194971660
195236352
195501603
195767414
196033786
196300720
196568218
196836282
197104911
197374109
197643876
197914214
198185123
198456606
198728663
199001296
199274507
199548296
199822666
200097617
200373151
200649269
200925973
201203264
201481143
201759612
202038672
202318325
202598572
202879415
203160854
203442892
203725529
204008768
204292609
204577054
204862104
205147761
205434027
205720902
206008389
206296488
206585202
206874531
207164476
207455041
207746225
208038031
208330460
208623513
208917192
209211499
209506434
209802000
210098197
210395028
210692494
210990596
211289336
211588716
211888736
212189399
212490706
212792658
213095257
213398505
213702403
214006953
214312156
214618014
214924528
215231700
215539531
215848024
216157179
216466998
216777483
217088635
217400456
217712948
218026112
218339949
218654462
218969652
219285520
219602069
219919299
220237212
220555811
220875096
221195070
221515733
221837088
222159136
222481879
222805318
223129456
223454293
223779832
224106074
224433021
224760674
225089036
225418107
225747890
226078386
226409597
226741525
227074171
227407537
227741625
228076437
228411973
228748237
229085229
229422952
229761407
230100596
230440520
230781182
231122582
231464724
231807609
232151237
232495613
232840736
233186608
233533233
233880610
234228743
234577633
234927281
235277690
235628862
235980797
236333499
236686968
237041207
237396217
237752001
238108560
238465896
238824010
239182906
239542583
239903046
240264294
240626331
240989158
241352777
241717189
242082397
242448403
242815208
243182815
243551225
243920440
244290463
244661294
245032937
245405392
245778662
246152749
246527655
246903381
247279930
247657304
248035504
248414533
248794392
249175084
249556610
249938973
250322174
250706215
251091100
251476828
251863403
252250827
252639101
253028227
253418208
253809046
254200743
254593300
254986720
255381004
255776156
256172176
256569068
256966832
257365472
257764989
258165386
258566663
258968825
259371872
259775806
260180631
260586347
260992958
261400465
261808870
262218176
262628385
263039498
263451519
263864448
264278289
264693043
265108713
265525301
265942809
266361239
266780593
267200875
267622085
268044226
268467300
268891310
269316257
269742145
270168975
270596749
271025470
271455140
271885761
272317335
272749866
273183354
273617803
274053214
274489591
274926934
275365247
275804532
276244791
276686027
277128242
277571437
278015616
278460781
278906934
279354078
279802214
280251346
280701476
281152605
281604737
282057874
282512018
282967171
283423337
283880517
284338714
284797930
285258168
285719430
286181719
286645036
287109385
287574768
288041188
288508646
288977146
289446690
289917280
290388919
290861609
291335353
291810154
292286013
292762934
293240919
293719970
294200090
294681282
295163548
295646891
296131313
296616817
297103405
297591080
298079845
298569703
299060655
299552704
300045854
300540106
301035463
301531929
302029505
302528195
303028000
303528924
304030969
304534138
305038434
305543859
306050416
306558107
307066936
307576905
308088017
308600275
309113681
309628238
310143949
310660816
311178843
311698031
312218385
312739906
313262598
313786462
314311503
314837723
315365124
315893710
316423483
316954446
317486602
318019954
318554505
319090257
319627214
320165377
320704752
321245339
321787142
322330163
322874407
323419875
323966571
324514498
325063658
325614054
326165690
326718568
327272691
327828063
328384686
328942563
329501698
330062092
330623750
331186675
331750868
332316334
332883075
333451095
334020396
334590982
335162855
335736019
336310476
336886231
337463285
338041643
338621307
339202280
339784565
340368166
340953086
341539327
342126894
342715788
343306014
343897575
344490473
345084712
345680296
346277226
346875507
347475142
348076134
348678486
349282202
349887284
350493737
351101562
351710765
352321347
352933312
353546664
354161406
354777540
355395071
356014002
356634336
357256077
357879227
358503790
359129770
359757170
360385994
361016244
361647924
362281038
362915589
363551580
364189015
364827897
365468231
366110018
366753264
367397970
368044141
368691781
369340892
369991478
370643544
371297091
371952124
372608647
373266663
373926175
374587187
375249703
375913726
376579261
377246309
377914876
378584965
379256579
379929721
380604397
381280609
381958361
382637657
383318500
384000894
384684843
385370351
386057421
386746056
387436262
388128041
388821397
389516334
390212856
390910967
391610670
392311969
393014868
393719371
394425482
395133204
395842542
396553498
397266078
397980285
398696123
399413595
400132706
400853460
401575860
402299911
403025616
403752980
404482005
405212698
405945060
406679097
407414812
408152209
408891292
409632066
410374535
411118702
411864571
412612147
413361433
414112435
414865155
415619598
416375768
417133670
417893306
418654683
419417803
420182670
420949290
421717666
422487803
423259704
424033374
424808817
425586037
426365039
427145827
427928405
428712777
429498948
430286922
431076703
431868295
432661704
433456933
434253987
435052869
435853585
436656139
437460535
438266778
439074871
439884820
440696629
441510302
442325844
443143259
443962552
444783727
445606788
446431741
447258590
448087339
448917993
449750556
450585033
451421429
452259748
453099994
453942173
454786289
455632346
456480350
457330305
458182215
459036085
459891921
460749726
461609505
462471263
463335006
464200736
465068460
465938183
466809908
467683640
468559386
469437148
470316933
471198744
472082587
472968467
473856389
474746357
475638376
476532451
477428588
478326790
479227064
480129414
481033844
481940361
482848968
483759671
484672475
485587386
486504407
487423544
488344802
489268187
490193703
491121355
492051149
492983089
493917181
494853430
495791841
496732419
497675170
498620099
499567210
500516509
501468002
502421693
503377588
504335692
505296010
506258548
507223311
508190305
509159534
510131004
511104720
512080688
513058913
514039401
515022157
516007186
516994494
517984087
518975969
519970146
520966624
521965408
522966504
523969917
524975653
525983718
526994116
528006854
529021937
530039371
531059161
532081314
533105834
534132727
535161999
536193657
537227704
538264148
539302994
540344247
541387914
542434000
543482510
544533452
545586830
546642651
547700920
548761643
549824827
550890476
551958597
553029195
554102278
555177850
556255917
557336487
558419563
559505153
560593263
561683899
562777066
563872770
564971019
566071817
567175172
568281088
569389573
570500632
571614272
572730498
573849317
574970736
576094760
577221395
578350648
579482525
580617033
581754178
582893965
584036402
585181494
586329249
587479672
588632769
589788548
590947015
592108175
593272036
594438605
595607886
596779888
597954616
599132077
600312277
601495224
602680923
603869382
605060607
606254604
607451380
608650942
609853296
611058450
612266410
613477182
614690773
615907191
617126441
618348531
619573467
620801257
622031907
623265424
624501814
625741085
626983244
628228297
629476252
630727115
631980893
633237594
634497224
635759791
637025300
638293760
639565178
640839560
642116914
643397247
644680566
645966877
647256189
648548509
649843843
651142199
652443584
653748005
655055470
656365986
657679560
658996199
660315912
661638705
662964585
664293561
665625638
666960826
668299131
669640561
670985123
672332825
673683674
675037678
676394845
677755181
679118695
680485394
681855286
683228378
684604679
685984195
687366935
688752906
690142116
691534573
692930284
694329257
695731501
697137022
698545830
699957931
701373333
702792046
704214075
705639430
707068118
708500147
709935526
711374262
712816364
714261839
715710695
717162941
718618585
720077635
721540098
723005984
724475301
725948056
727424257
728903914
730387035
731873627
733363699
734857260
736354317
737854879
739358955
740866553
742377681
743892348
745410562
746932332
748457666
749986573
751519062
753055140
754594817
756138102
757685002
759235527
760789685
762347485
763908935
765474045
767042823
768615278
770191419
771771254
773354793
774942044
776533016
778127718
779726160
781328349
782934296
784544008
786157495
787774767
789395832
791020699
792649377
794281876
795918204
797558371
799202386
800850259
802501997
804157612
805817112
807480506
809147803
810819014
812494147
814173211
815856217
817543174
819234091
820928977
822627843
824330697
826037549
827748410
829463287
831182192
832905133
834632121
836363164
838098274
839837459
841580729
843328095
845079565
846835150
848594859
850358704
852126692
853898835
855675142
857455623
859240289
861029148
862822212
864619491
866420994
868226732
870036714
871850952
873669454
875492232
877319296
879150655
880986321
882826303
884670612
886519258
888372252
890229604
892091324
893957423
895827912
897702801
899582100
901465820
903353972
905246567
907143614
909045125
910951110
912861580
914776546
916696019
918620009
920548527
922481584
924419191
926361359
928308099
930259421
932215337
934175858
936140995
938110759
940085160
942064210
944047921
946036303
948029367
950027125
952029589
954036768
956048675
958065321
960086718
962112876
964143807
966179522
968220034
970265353
972315491
974370460
976430270
978494935
980564465
982638872
984718168
986802364
988891472
990985505
993084473
995188388
997297264
999411110
1001529940
1003653765
1005782597
1007916449
1010055332
1012199258
1014348239
1016502288
1018661416
1020825637
1022994961
1025169402
1027348971
1029533681
1031723544
1033918573
1036118779
1038324176
1040534776
1042750590
1044971633
1047197916
1049429451
1051666252
1053908331
1056155701
1058408374
1060666363
1062929681
1065198340
1067472354
1069751735
1072036496
1074326651
1076622211
1078923190
1081229601
1083541456
1085858770
1088181555
1090509824
1092843590
1095182867
1097527667
1099878005
1102233892
1104595343
1106962371
1109334989
1111713211
1114097050
1116486519
1118881633
1121282404
1123688846
1126100972
1128518797
1130942335
1133371597
1135806600
1138247355
1140693877
1143146181
1145604278
1148068185
1150537914
1153013479
1155494895
1157982175
1160475334
1162974385
1165479343
1167990223
1170507037
1173029800
1175558527
1178093232
1180633929
1183180633
1185733358
1188292118
1190856928
1193427803
1196004757
1198587804
1201176959
1203772237
1206373652
1208981220
1211594954
1214214870
1216840983
1219473307
1222111858
1224756649
1227407697
1230065016
1232728621
1235398528
1238074751
1240757305
1243446206
1246141469
1248843110
1251551142
1254265583
1256986447
1259713749
1262447506
1265187731
1267934442
1270687654
1273447381
1276213640
1278986447
1281765817
1284551766
1287344309
1290143463
1292949243
1295761665
1298580746
1301406500
1304238945
1307078096
1309923968
1312776580
1315635945
1318502082
1321375005
1324254732
1327141278
1330034660
1332934894
1335841997
1338755984
1341676874
1344604682
1347539424
1350481119
1353429781
1356385428
1359348076
1362317743
1365294445
1368278199
1371269022
1374266931
1377271943
1380284074
1383303343
1386329766
1389363360
1392404143
1395452131
1398507342
1401569794
1404639503
1407716487
1410800764
1413892351
1416991265
1420097525
1423211147
1426332150
1429460550
1432596367
1435739617
1438890318
1442048489
1445214147
1448387310
1451567997
1454756224
1457952011
1461155375
1464366335
1467584909
1470811115
1474044971
1477286495
1480535707
1483792625
1487057266
1490329650
1493609795
1496897720
1500193443
1503496983
1506808359
1510127590
1513454694
1516789690
1520132598
1523483436
1526842223
1530208978
1533583721
1536966471
1540357246
1543756066
1547162951
1550577919
1554000990
1557432184
1560871520
1564319017
1567774695
1571238574
1574710673
1578191013
1581679612
1585176491
1588681669
1592195167
1595717004
1599247200
1602785776
1606332751
1609888146
1613451981
1617024275
1620605051
1624194326
1627792123
1631398462
1635013362
1638636845
1642268931
1645909641
1649558995
1653217015
1656883720
1660559132
1664243272
1667936161
1671637819
1675348267
1679067528
1682795621
1686532568
1690278390
1694033109
1697796746
1701569322
1705350859
1709141378
1712940901
1716749449
1720567044
1724393708
1728229462
1732074328
1735928329
1739791485
1743663819
1747545354
1751436110
1755336110
1759245377
1763163933
1767091799
1771028998
1774975553
1778931486
1782896819
1786871576
1790855777
1794849448
1798852609
1802865284
1806887495
1810919266
1814960620
1819011578
1823072165
1827142404
1831222317
1835311928
1839411260
1843520336
1847639181
1851767816
1855906266
1860054555
1864212705
1868380741
1872558686
1876746564
1880944398
1885152214
1889370034
1893597882
1897835783
1902083761
1906341840
1910610045
1914888398
1919176926
1923475651
1927784599
1932103795
1936433262
1940773026
1945123110
1949483541
1953854342
1958235539
1962627156
1967029219
1971441753
1975864781
1980298331
1984742427
1989197094
1993662358
1998138244
2002624778
2007121985
2011629890
2016148520
2020677900
2025218056
2029769014
2034330799
2038903438
2043486957
2048081382
2052686738
2057303053
2061930352
2066568662
2071218009
2075878420
2080549921
2085232539
2089926300
2094631232
2099347360
2104074713
2108813316
2113563197
2118324383
2123096900
2127880777
2132676041
2137482718
2142300836
2147130422
2151971505
2156824111
2161688269
2166564005
2171451348
2176350326
2181260966
2186183297
2191117346
2196063142
2201020713
2205990086
2210971291
2215964356
2220969309
2225986178
2231014993
2236055782
2241108573
2246173396
2251250279
2256339252
2261440342
2266553580
2271678994
2276816615
2281966469
2287128589
2292303002
2297489738
2302688827
2307900298
2313124181
2318360507
2323609304
2328870602
2334144432
2339430824
2344729808
2350041414
2355365672
2360702612
2366052266
2371414663
2376789835
2382177811
2387578623
2392992301
2398418876
2403858379
2409310842
2414776294
2420254768
2425746295
2431250905
2436768631
2442299503
2447843554
2453400815
2458971317
2464555093
2470152173
2475762591
2481386378
2487023567
2492674188
2498338275
2504015860
2509706976
2515411654
2521129927
2526861828
2532607390
2538366644
2544139626
2549926366
2555726898
2561541256
2567369471
2573211579
2579067611
2584937602
2590821584
2596719592
2602631659
2608557819
2614498105
2620452552
2626421193
2632404062
2638401195
2644412624
2650438384
2656478510
2662533035
2668601995
2674685425
2680783358
2686895830
2693022875
2699164529
2705320826
2711491802
2717677492
2723877931
2730093155
2736323198
2742568097
2748827888
2755102605
2761392285
2767696964
2774016678
2780351462
2786701353
2793066387
2799446601
2805842030
2812252712
2818678682
2825119979
2831576637
2838048695
2844536190
2851039157
2857557635
2864091660
2870641270
2877206502
2883787394
2890383984
2896996308
2903624405
2910268313
2916928069
2923603711
2930295278
2937002808
2943726339
2950465910
2957221558
2963993323
2970781243
2977585358
2984405705
2991242323
2998095253
3004964533
3011850201
3018752298
3025670863
3032605936
3039557555
3046525762
3053510594
3060512093
3067530299
3074565251
3081616989
3088685554
3095770987
3102873328
3109992616
3117128894
3124282201
3131452579
3138640069
3145844711
3153066547
3160305618
3167561965
3174835630
3182126654
3189435080
3196760948
3204104300
3211465180
3218843627
3226239686
3233653397
3241084804
3248533949
3256000874
3263485622
3270988235
3278508758
3286047231
3293603700
3301178207
3308770794
3316381506
3324010386
3331657478
3339322825
3347006470
3354708459
3362428835
3370167642
3377924924
3385700726
3393495092
3401308067
3409139694
3416990020
3424859089
3432746945
3440653635
3448579202
3456523693
3464487153
3472469627
3480471161
3488491800
3496531591
3504590580
3512668812
3520766333
3528883191
3537019431
3545175099
3553350244
3561544910
3569759145
3577992997
3586246511
3594519736
3602812718
3611125505
3619458144
3627810684
3636183171
3644575654
3652988181
3661420799
3669873558
3678346504
3686839687
3695353156
3703886958
3712441143
3721015760
3729610857
3738226485
3746862691
3755519525
3764197038
3772895278
3781614295
3790354139
3799114860
3807896509
3816699135
3825522788
3834367520
3843233380
3852120420
3861028690
3869958242
3878909125
3887881392
3896875093
3905890281
3914927007
3923985321
3933065277
3942166926
3951290321
3960435512
3969602553
3978791496
3988002394
3997235299
4006490264
4015767343
4025066587
4034388050
4043731786
4053097848
4062486290
4071897165
4081330527
4090786430
4100264928
4109766075
4119289926
4128836535
4138405957
4147998247
4157613459
4167251648
4176912870
4186597180
4196304632
4206035284
4215789189
4225566405
4235366987
4245190991
4255038474
4264909491
4274804099
4284722355
4294664315
4304630037
4314619578
4324632993
4334670342
4344731681
4354817067
4364926559
4375060215
4385218091
4395400248
4405606741
4415837631
4426092976
4436372834
4446677264
4457006325
4467360076
4477738577
4488141886
4498570064
4509023169
4519501263
4530004404
4540532654
4551086071
4561664717
4572268651
4582897936
4593552631
4604232798
4614938497
4625669790
4636426738
4647209404
4658017847
4668852132
4679712318
4690598469
4701510647
4712448915
4723413334
4734403968
4745420880
4756464132
4767533788
4778629911
4789752565
4800901813
4812077720
4823280348
4834509763
4845766029
4857049209
4868359369
4879696573
4891060886
4902452373
4913871100
4925317132
4936790533
4948291371
4959819711
4971375618
4982959160
4994570401
5006209409
5017876251
5029570993
5041293701
5053044444
5064823289
5076630302
5088465551
5100329105
5112221031
5124141397
5136090272
5148067724
5160073820
5172108631
5184172226
5196264672
5208386039
5220536398
5232715816
5244924365
5257162113
5269429132
5281725491
5294051260
5306406511
5318791313
5331205739
5343649858
5356123743
5368627464
5381161093
5393724703
5406318364
5418942149
5431596131
5444280381
5456994973
5469739979
5482515472
5495321526
5508158213
5521025607
5533923782
5546852812
5559812770
5572803732
5585825771
5598878962
5611963379
5625079098
5638226194
5651404742
5664614817
5677856495
5691129853
5704434965
5717771908
5731140760
5744541595
5757974491
5771439524
5784936773
5798466314
5812028225
5825622583
5839249466
5852908952
5866601120
5880326048
5894083815
5907874499
5921698179
5935554934
5949444845
5963367990
5977324449
5991314302
6005337630
6019394512
6033485029
6047609262
6061767291
6075959199
6090185065
6104444972
6118739002
6133067235
6147429755
6161826643
6176257982
6190723855
6205224344
6219759533
6234329504
6248934342
6263574130
6278248952
6292958891
6307704033
6322484461
6337300261
6352151517
6367038314
6381960737
6396918873
6411912806
6426942623
6442008410
6457110253
6472248238
6487422453
6502632983
6517879917
6533163342
6548483345
6563840015
6579233438
6594663703
6610130900
6625635115
6641176438
6656754959
6672370766
6688023949
6703714597
6719442801
6735208651
6751012236
6766853648
6782732977
6798650315
6814605751
6830599379
6846631289
6862701574
6878810325
6894957634
6911143595
6927368300
6943631842
6959934314
6976275810
6992656423
7009076247
7025535377
7042033906
7058571929
7075149540
7091766836
7108423911
7125120860
7141857780
7158634765
7175451913
7192309319
7209207081
7226145295
7243124058
7260143468
7277203621
7294304616
7311446551
7328629524
7345853634
7363118978
7380425657
7397773770
7415163415
7432594692
7450067702
7467582544
7485139319
7502738128
7520379071
7538062249
7555787764
7573555718
7591366212
7609219348
7627115229
7645053957
7663035635
7681060367
7699128254
7717239402
7735393914
7753591893
7771833444
7790118673
7808447682
7826820579
7845237467
7863698453
7882203642
7900753140
7919347054
7937985491
7956668556
7975396358
7994169003
8012986599
8031849255
8050757078
8069710176
8088708658
8107752634
8126842212
8145977501
8165158612
8184385654
8203658738
8222977974
8242343473
8261755345
8281213703
8300718658
8320270320
8339868804
8359514220
8379206682
8398946303
8418733195
8438567472
8458449247
8478378636
8498355751
8518380708
8538453622
8558574607
8578743778
8598961252
8619227145
8639541571
8659904649
8680316495
8700777225
8721286957
8741845809
8762453899
8783111344
8803818263
8824574775
8845380999
8866237055
8887143060
8908099137
8929105404
8950161982
8971268993
8992426556
9013634794
9034893827
9056203778
9077564769
9098976923
9120440361
9141955208
9163521587
9185139621
9206809434
9228531151
9250304896
9272130793
9294008969
9315939548
9337922657
9359958421
9382046966
9404188420
9426382910
9448630562
9470931504
9493285864
9515693770
9538155351
9560670736
9583240053
9605863432
9628541004
9651272897
9674059242
9696900170
9719795812
9742746299
9765751763
9788812336
9811928149
9835099336
9858326030
9881608363
9904946470
9928340483
9951790537
9975296767
9998859308
10022478294
10046153861
10069886145
10093675281
10117521407
10141424659
10165385175
10189403091
10213478545
10237611676
10261802621
10286051520
10310358512
10334723736
10359147331
10383629438
10408170198
10432769751
10457428238
10482145800
10506922580
10531758719
10556654360
10581609646
10606624719
10631699724
10656834804
10682030103
10707285766
10732601938
10757978763
10783416388
10808914958
10834474619
10860095519
10885777804
10911521621
10937327119
10963194444
10989123746
11015115174
11041168875
11067285000
11093463699
11119705121
11146009418
11172376740
11198807238
11225301064
11251858370
11278479309
11305164032
11331912693
11358725446
11385602444
11412543842
11439549793
11466620454
11493755978
11520956523
11548222244
11575553296
11602949838
11630412026
11657940018
11685533972
11713194046
11740920398
11768713188
11796572575
11824498719
11852491780
11880551920
11908679297
11936874075
11965136415
11993466479
12021864429
12050330429
12078864641
12107467230
12136138360
12164878194
12193686898
12222564637
12251511577
12280527884
12309613725
12338769265
12367994673
12397290117
12426655763
12456091781
12485598340
12515175608
12544823756
12574542954
12604333372
12634195180
12664128552
12694133657
12724210669
12754359759
12784581101
12814874869
12845241235
12875680374
12906192462
12936777672
12967436181
12998168164
13028973798
13059853259
13090806724
13121834372
13152936380
13184112926
13215364190
13246690351
13278091588
13309568082
13341120013
13372747563
13404450912
13436230243
13468085738
13500017580
13532025952
13564111038
13596273022
13628512088
13660828421
13693222207
13725693631
13758242881
13790870142
13823575602
13856359449
13889221871
13922163056
13955183193
13988282471
14021461082
14054719214
14088057060
14121474810
14154972655
14188550789
14222209404
14255948692
14289768848
14323670066
14357652540
14391716466
14425862038
14460089452
14494398906
14528790595
14563264718
14597821471
14632461054
14667183666
14701989504
14736878770
14771851663
14806908384
14842049134
14877274116
14912583530
14947977579
14983456468
15019020399
15054669576
15090404204
15126224489
15162130634
15198122848
15234201336
15270366305
15306617963
15342956517
15379382178
15415895152
15452495651
15489183883
15525960060
15562824393
15599777093
15636818372
15673948442
15711167518
15748475812
15785873539
15823360913
15860938150
15898605464
15936363073
15974211192
16012150040
16050179833
16088300791
16126513131
16164817074
16203212838
16241700645
16280280715
16318953270
16357718532
16396576722
16435528065
16474572783
16513711101
16552943243
16592269435
16631689902
16671204871
16710814568
16750519220
16790319056
16830214304
16870205193
16910291952
16950474812
16990754003
17031129756
17071602303
17112171876
17152838709
17193603034
17234465086
17275425099
17316483308
17357639948
17398895257
17440249471
17481702826
17523255562
17564907917
17606660129
17648512439
17690465086
17732518311
17774672356
17816927463
17859283874
17901741833
17944301582
17986963367
18029727431
18072594022
18115563384
18158635764
18201811410
18245090570
18288473491
18331960423
18375551615
18419247318
18463047782
18506953260
18550964002
18595080261
18639302292
18683630346
18728064680
18772605548
18817253206
18862007909
18906869916
18951839483
18996916868
19042102331
19087396130
19132798526
19178309779
19223930151
19269659903
19315499298
19361448599
19407508070
19453677974
19499958579
19546350147
19592852948
19639467246
19686193310
19733031407
19779981808
19827044780
19874220596
19921509524
19968911837
20016427807
20064057707
20111801809
20159660389
20207633720
20255722079
20303925740
20352244982
20400680081
20449231315
20497898964
20546683306
20595584621
20644603191
20693739296
20742993219
20792365242
20841855649
20891464724
20941192752
20991040019
21041006809
21091093411
21141300111
21191627199
21242074962
21292643691
21343333676
21394145208
21445078578
21496134079
21547312004
21598612647
21650036302
21701583265
21753253831
21805048297
21856966961
21909010120
21961178073
22013471121
22065889562
22118433698
22171103831
22223900262
22276823296
22329873236
22383050385
22436355051
22489787539
22543348155
22597037206
22650855003
22704801852
22758878064
22813083950
22867419820
22921885987
22976482763
23031210461
23086069397
23141059884
23196182239
23251436778
23306823818
23362343677
23417996675
23473783129
23529703362
23585757693
23641946445
23698269940
23754728502
23811322455
23868052123
23924917832
23981919910
24039058682
24096334478
24153747626
24211298455
24268987297
24326814482
24384780342
24442885210
24501129420
24559513306
24618037204
24676701448
24735506377
24794452328
24853539639
24912768649
24972139699
25031653129
25091309282
25151108499
25211051124
25271137501
25331367976
25391742893
25452262600
25512927444
25573737773
25634693937
25695796286
25757045169
25818440940
25879983951
25941674554
26003513104
26065499957
26127635468
26189919993
26252353891
26314937520
26377671240
26440555409
26503590391
26566776546
26630114237
26693603828
26757245683
26821040169
26884987651
26949088496
27013343073
27077751750
27142314897
27207032885
27271906086
27336934872
27402119616
27467460693
27532958478
27598613347
27664425677
27730395846
27796524232
27862811216
27929257178
27995862499
28062627562
28129552751
28196638449
28263885042
28331292917
28398862459
28466594057
28534488100
28602544978
28670765081
28739148802
28807696533
28876408667
28945285600
29014327726
29083535442
29152909146
29222449236
29292156111
29362030171
29432071818
29502281454
29572659481
29643206305
29713922330
29784807963
29855863610
29927089679
29998486579
30070054721
30141794516
30213706374
30285790710
30358047937
30430478469
30503082724
30575861118
30648814069
30721941995
30795245317
30868724456
30942379833
31016211872
31090220996
31164407631
31238772202
31313315136
31388036863
31462937809
31538018407
31613279087
31688720280
31764342421
31840145944
31916131283
31992298876
32068649160
32145182572
32221899553
32298800543
32375885984
32453156318
32530611989
32608253443
32686081124
32764095479
32842296958
32920686008
32999263080
33078028625
33156983096
33236126946
33315460629
33394984601
33474699319
33554605241
33634702824
33714992530
33795474820
33876150154
33957018998
34038081815
34119339071
34200791232
34282438767
34364282143
34446321832
34528558303
34610992031
34693623487
34776453146
34859481485
34942708979
35026136108
35109763349
35193591184
35277620093
35361850559
35446283066
35530918100
35615756144
35700797688
35786043220
35871493228
35957148204
36043008640
36129075029
36215347864
36301827642
36388514859
36475410014
36562513604
36649826130
36737348094
36825079998
36913022346
37001175644
37089540397
37178117112
37266906300
37355908469
37445124130
37534553797
37624197982
37714057201
37804131969
37894422805
37984930225
38075654751
38166596903
38257757203
38349136176
38440734345
38532552237
38624590380
38716849301
38809329531
38902031600
38994956042
39088103390
39181474179
39275068944
39368888224
39462932558
39557202485
39651698547
39746421287
39841371249
39936548977
40031955019
40127589923
40223454237
40319548513
40415873302
40512429158
40609216634
40706236288
40803488675
40900974356
40998693888
41096647835
41194836758
41293261221
41391921790
41490819031
41589953512
41689325803
41788936474
41888786098
41988875247
42089204497
42189774424
42290585606
42391638621
42492934050
42594472475
42696254479
42798280646
42900551563
43003067816
43105829995
43208838690
43312094493
43415597995
43519349793
43623350482
43727600659
43832100923
43936851874
44041854113
44147108245
44252614873
44358374603
44464388043
44570655802
44677178490
44783956719
44890991101
44998282253
45105830790
45213637329
45321702491
45430026895
45538611164
45647455922
45756561793
45865929405
45975559385
46085452363
46195608971
46306029840
46416715606
46527666904
46638884371
46750368647
46862120370
46974140184
47086428732
47198986658
47311814609
47424913233
47538283180
47651925101
47765839648
47880027477
47994489242
48109225601
48224237214
48339524740
48455088842
48570930184
48687049432
48803447251
48920124311
49037081281
49154318834
49271837643
49389638383
49507721731
49626088364
49744738964
49863674210
49982894786
50102401378
50222194671
50342275354
50462644116
50583301649
50704248645
50825485800
50947013810
51068833372
51190945187
51313349956
51436048382
51559041170
51682329026
51805912658
51929792776
52053970093
52178445320
52303219173
52428292369
52553665626
52679339664
52805315206
52931592974
53058173694
53185058093
53312246900
53439740845
53567540661
53695647082
53824060844
53952782684
54081813342
54211153558
54340804077
54470765641
54601038999
54731624898
54862524088
54993737322
55125265352
55257108935
55389268827
55521745788
55654540579
55787653963
55921086704
56054839568
56188913324
56323308742
56458026595
56593067655
56728432698
56864122503
57000137848
57136479515
57273148287
57410144948
57547470287
57685125091
57823110152
57961426261
58100074215
58239054807
58378368839
58518017108
58658000418
58798319573
58938975379
59079968643
59221300176
59362970789
59504981297
59647332514
59790025258
59933060350
60076438611
60220160864
60364227936
60508640652
60653399844
60798506343
60943960981
61089764596
61235918023
61382422103
61529277677
61676485590
61824046685
61971961812
62120231819
62268857559
62417839885
62567179653
62716877721
62866934948
63017352197
63168130332
63319270219
63470772726
63622638722
63774869082
63927464679
64080426389
64233755092
64387451668
64541516999
64695951972
64850757473
65005934391
65161483618
65317406047
65473702574
65630374097
65787421515
65944845732
66102647650
66260828177
66419388222
66578328694
66737650508
66897354578
67057441821
67217913158
67378769511
67540011802
67701640959
67863657909
68026063584
68188858917
68352044842
68515622297
68679592222
68843955559
69008713251
69173866246
69339415491
69505361939
69671706541
69838450255
70005594037
70173138847
70341085649
70509435407
70678189088
70847347662
71016912099
71186883375
71357262466
71528050350
71699248008
71870856424
72042876584
72215309476
72388156090
72561417420
72735094460
72909188209
73083699666
73258629834
73433979718
73609750325
73785942665
73962557749
74139596594
74317060215
74494949632
74673265866
74852009943
75031182889
75210785734
75390819508
75571285247
75752183987
75933516767
76115284629
76297488617
76480129777
76663209160
76846727816
77030686800
77215087169
77399929981
77585216300
77770947189
77957123715
78143746947
78330817959
78518337824
78706307619
78894728425
79083601324
79272927401
79462707743
79652943441
79843635588
80034785278
80226393611
80418461687
80610990609
80803981483
80997435418
81191353525
81385736919
81580586715
81775904034
81971689997
82167945729
82364672357
82561871012
82759542827
82957688937
83156310479
83355408597
83554984432
83755039132
83955573846
84156589726
84358087926
84560069605
84762535922
84965488041
85168927128
85372854351
85577270881
85782177894
85987576566
86193468078
86399853611
86606734352
86814111489
87021986214
87230359721
87439233206
87648607870
87858484915
88068865548
88279750977
88491142412
88703041070
88915448167
89128364922
89341792561
89555732308
89770185392
89985153046
90200636505
90416637006
90633155790
90850194102
91067753187
91285834297
91504438683
91723567602
91943222312
92163404076
92384114158
92605353826
92827124351
93049427008
93272263072
93495633826
93719540551
93943984534
94168967065
94394489435
94620552942
94847158882
95074308559
95302003276
95530244343
95759033070
95988370772
96218258766
96448698374
96679690918
96911237725
97143340127
97375999456
97609217050
97842994247
98077332391
98312232829
98547696909
98783725984
99020321411
99257484549
99495216759
99733519409
99972393866
100211841504
100451863697
100692461825
100933637271
101175391418
101417725658
101660641381
101904139982
102148222863
102392891423
102638147069
102883991210
103130425259
103377450631
103625068744
103873281023
104122088892
104371493782
104621497124
104872100356
105123304917
105375112250
105627523802
105880541023
106134165366
106388398289
106643241252
106898695719
107154763158
107411445041
107668742840
107926658036
108185192109
108444346545
108704122833
108964522464
109225546936
109487197748
109749476402
110012384407
110275923271
110540094510
110804899640
111070340184
111336417666
111603133615
111870489563
112138487046
112407127604
112676412780
112946344121
113216923179
113488151507
113760030663
114032562211
114305747715
114579588744
114854086873
115129243678
115405060741
115681539644
115958681978
116236489334
116514963309
116794105501
117073917515
117354400959
117635557444
117917388584
118199896000
118483081315
118766946154
119051492150
119336720937
119622634153
119909233441
120196520448
120484496824
120773164224
121062524306
121352578733
121643329171
121934777290
122226924765
122519773274
122813324500
123107580129
123402541852
123698211363
123994590362
124291680550
124589483635
124888001328
125187235343
125487187400
125787859222
126089252537
126391369075
126694210574
126997778772
127302075414
127607102248
127912861027
128219353506
128526581448
128834546617
129143250782
129452695717
129762883200
130073815013
130385492942
130697918778
131011094316
131325021355
131639701699
131955137156
132271329538
132588280661
132905992347
133224466420
133543704712
133863709055
134184481288
134506023254
134828336801
135151423780
135475286047
135799925464
136125343895
136451543209
136778525282
137106291992
137434845221
137764186857
138094318793
138425242926
138756961155
139089475388
139422787535
139756899511
140091813234
140427530631
140764053628
141101384160
141439524165
141778475585
142118240368
142458820466
142800217836
143142434439
143485472241
143829333213
144174019331
144519532574
144865874929
145213048385
145561054936
145909896583
146259575328
146610093182
146961452158
147313654275
147666701555
148020596029
148375339729
148730934692
149087382963
149444686588
149802847622
150161868121
150521750148
150882495771
151244107063
151606586101
151969934967
152334155750
152699250542
153065221440
153432070547
153799799972
154168411825
154537908226
154908291298
155279563168
155651725969
156024781839
156398732923
156773581368
157149329328
157525978962
157903532434
158281991913
158661359573
159041637595
159422828163
159804933467
160187955702
160571897069
160956759775
161342546029
161729258049
162116898057
162505468279
162894970948
163285408303
163676782585
164069096045
164462350935
164856549516
165251694051
165647786812
166044830075
166442826119
166841777233
167241685707
167642553841
168044383936
168447178302
168850939253
169255669108
169661370194
170068044840
170475695384
170884324168
171293933539
171704525851
172116103462
172528668738
172942224049
173356771771
173772314286
174188853981
174606393250
175024934491
175444480109
175865032514
176286594124
176709167360
177132754649
177557358426
177982981130
178409625207
178837293107
179265987289
179695710215
180126464353
180558252180
180991076175
181424938826
181859842625
182295790072
182732783670
183170825930
183609919370
184050066512
184491269885
184933532024
185376855470
185821242770
186266696477
186713219151
187160813358
187609481668
188059226659
188510050917
188961957030
189414947596
189869025217
190324192502
190780452066
191237806530
191696258523
192155810678
192616465637
193078226044
193541094554
194005073826
194470166526
194936375326
195403702905
195872151947
196341725144
196812425195
197284254803
197757216680
198231313542
198706548115
199182923127
199660441318
200139105429
200618918212
201099882422
201582000824
202065276187
202549711289
203035308912
203522071847
204010002890
204499104845
204989380521
205480832737
205973464315
206467278086
206962276887
207458463563
207955840963
208454411947
208954179378
209455146128
209957315075
210460689105
210965271109
211471063988
211978070646
212486293997
212995736962
213506402466
214018293445
214531412839
215045763596
215561348672
216078171029
216596233637
217115539472
217636091518
218157892765
218680946213
219205254865
219730821735
220257649843
220785742214
221315101884
221845731894
222377635293
222910815137
223445274489
223981016420
224518044008
225056360340
225595968507
226136871610
226679072758
227222575065
227767381654
228313495655
228860920207
229409658454
229959713549
230511088653
231063786934
231617811567
232173165736
232729852631
233287875452
233847237403
234407941700
234969991563
235533390222
236098140915
236664246885
237231711387
237800537679
238370729031
238942288718
239515220025
240089526244
240665210673
241242276621
241820727404
242400566345
242981796776
243564422036
244148445473
244733870442
245320700307
245908938440
246498588220
247089653037
247682136284
248276041368
248871371700
249468130701
250066321799
250665948433
251267014046
251869522092
252473476034
253078879341
253685735492
254294047974
254903820282
255515055919
256127758397
256741931238
257357577969
257974702128
258593307260
259213396921
259834974673
260458044088
261082608744
261708672232
262336238148
262965310097
263595891696
264227986565
264861598338
265496730655
266133387165
266771571527
267411287406
268052538479
268695328431
269339660954
269985539750
270632968531
271281951017
271932490936
272584592027
273238258036
273893492718
274550299840
275208683174
275868646503
276530193620
277193328325
277858054429
278524375751
279192296119
279861819372
280532949356
281205689927
281880044951
282556018302
283233613865
283912835532
284593687207
285276172800
285960296235
286646061440
287333472358
288022532937
288713247136
289405618925
290099652281
290795351192
291492719656
292191761679
292892481278
293594882480
294298969319
295004745841
295712216103
296421384168
297132254111
297844830017
298559115980
299275116105
299992834505
300712275304
301433442635
302156340644
302880973482
303607345314
304335460313
305065322663
305796936558
306530306200
307265435805
308002329595
308740991806
309481426680
310223638473
310967631448
311713409882
312460978059
313210340274
313961500833
314714464051
315469234257
316225815785
316984212984
317744430210
318506471833
319270342229
320036045790
320803586913
321572970010
322344199501
323117279816
323892215400
324669010703
325447670189
326228198332
327010599617
327794878540
328581039607
329369087334
330159026251
330950860895
331744595817
332540235577
333337784746
334137247908
334938629656
335741934594
336547167338
337354332515
338163434763
338974478730
339787469077
340602410475
341419307607
342238165166
343058987857
343881780396
344706547512
345533293943
346362024440
347192743764
348025456688
348860167997
349696882488
350535604967
351376340254
352219093180
353063868587
353910671328
354759506271
355610378291
356463292277
357318253131
358175265766
359034335104
359895466083
360758663649
361623932764
362491278398
363360705536
364232219173
365105824316
365981525985
366859329212
367739239040
368621260526
369505398737
370391658753
371280045667
372170564583
373063220619
373958018902
374854964575
375754062791
376655318716
377558737529
378464324421
379372084595
380282023267
381194145665
382108457030
383024962616
383943667689
384864577528
385787697423
386713032680
387640588615
388570370557
389502383850
390436633847
391373125918
392311865444
393252857817
394196108445
395141622749
396089406160
397039464124
397991802101
398946425562
399903339992
400862550891
401824063768
402787884150
403754017574
404722469591
405693245766
406666351677
407641792916
408619575086
409599703807
410582184710
411567023440
412554225655
413543797030
414535743248
415530070010
416526783030
417525888034
418527390763
419531296971
420537612427
421546342913
422557494225
423571072173
424587082581
425605531287
426626424142
427649767013
428675565780
429703826337
430734554592
431767756467
432803437900
433841604840
434882263255
435925419122
436971078435
438019247204
439069931451
440123137212
441178870540
442237137500
443297944174
444361296656
445427201056
446495663500
447566690127
448640287089
449716460557
450795216714
451876561758
452960501902
454047043376
455136192421
456227955296
457322338275
458419347645
459518989710
460621270789
461726197214
462833775335
463944011516
465056912136
466172483590
467290732288
468411664654
469535287131
470661606174
471790628255
472922359861
474056807495
475193977675
476333876936
477476511828
478621888915
479770014779
480920896018
482074539244
483230951085
484390138187
485552107210
486716864831
487884417742
489054772652
490227936286
491403915384
492582716705
493764347020
494948813120
496136121811
497326279914
498519294269
499715171730
500913919169
502115543473
503320051548
504527450314
505737746709
506950947687
508167060218
509386091292
510608047912
511832937100
513060765894
514291541348
515525270535
516761960544
518001618480
519244251467
520489866645
521738471171
522990072220
524244676982
525502292668
526762926503
528026585730
529293277611
530563009424
531835788466
533111622048
534390517502
535672482177
536957523438
538245648670
539536865274
540831180669
542128602293
543429137600
544732794062
546039579172
547349500437
548662565385
549978781560
551298156525
552620697861
553946413167
555275310062
556607396180
557942679176
559281166723
560622866511
561967786249
563315933666
564667316508
566021942540
567379819545
568740955327
570105357705
571473034520
572843993631
574218242914
575595790267
576976643604
578360810861
579748299989
581139118963
582533275773
583930778431
585331634965
586735853427
588143441883
589554408423
590968761153
592386508201
593807657712
595232217853
596660196809
598091602786
599526444007
600964728719
602406465184
603851661688
605300326533
606752468046
608208094568
609667214465
611129836121
612595967938
614065618343
615538795780
617015508713
618495765627
619979575029
621466945444
622957885419
624452403519
625950508334
627452208471
628957512559
630466429247
631978967206
633495135126
635014941719
636538395719
638065505879
639596280973
641130729798
642668861171
644210683929
645756206933
647305439061
648858389218
650415066324
651975479327
653539637190
655107548903
656679223474
658254669934
659833897336
661416914754
663003731284
664594356044
666188798173
667787066834
669389171210
670995120506
672604923950
674218590793
675836130306
677457551784
679082864544
680712077924
682345201287
683982244015
685623215516
687268125219
688916982575
690569797058
692226578166
693887335419
695552078359
697220816552
698893559586
700570317074
702251098649
703935913970
705624772717
707317684596
709014659332
710715706678
712420836407
714130058317
715843382229
717560817989
719282375464
721008064546
722737895152
724471877221
726210020717
727952335627
729698831962
731449519758
733204409074
734963509994
736726832626
738494387102
740266183578
742042232234
743822543278
745607126937
747395993466
749189153145
750986616276
752788393188
754594494234
756404929792
758219710265
760038846080
761862347690
763690225574
765522490234
767359152198
769200222021
771045710280
772895627580
774749984551
776608791848
778472060152
780339800168
782212022630
784088738296
785969957947
787855692395
789745952475
791640749049
793540093003
795443995251
797352466735
799265518418
801183161295
803105406384
805032264730
806963747405
808899865507
810840630162
812786052521
814736143762
816690915092
818650377741
820614542970
822583422064
824557026337
826535367129
828518455808
830506303768
832498922432
834496323250
836498517698
838505517282
840517333534
842533978014
844555462309
846581798035
848612996835
850649070381
852690030373
854735888537
856786656629
858842346433
860902969761
862968538454
865039064381
867114559438
869195035552
871280504677
873370978796
875466469922
877566990095
879672551385
881783165891
883898845739
886019603088
888145450123
890276399059
892412462141
894553651643
896699979868
898851459149
901008101849
903169920359
905336927102
907509134530
909686555123
911869201395
914057085885
916250221167
918448619842
920652294541
922861257928
925075522696
927295101567
929520007295
931750252665
933985850492
936226813623
938473154932
940724887329
942982023752
945244577170
947512560585
949785987027
952064869561
954349221282
956639055314
958934384816
961235222976
963541583016
965853478189
968170921777
970493927098
972822507500
975156676362
977496447098
979841833151
982192847998
984549505149
986911818145
989279800560
991653466000
994032828105
996417900547
998808697031
1001205231293
1003607517106
1006015568272
1008429398629
1010849022046
1013274452427
1015705703709
1018142789861
1020585724888
1023034522826
1025489197747
1027949763755
1030416234989
1032888625621
1035366949859
1037851221942
1040341456146
1042837666779
1045339868185
1047848074742
1050362300862
1052882560993
1055408869614
1057941241244
1060479690434
1063024231768
1065574879869
1068131649393
1070694555031
1073263611510
1075838833592
1078420236074
1081007833789
1083601641605
1086201674428
1088807947197
1091420474888
1094039272512
1096664355117
1099295737788
1101933435645
1104577463843
1107227837577
1109884572074
1112547682601
1115217184461
1117893092992
1120575423570
1123264191609
1125959412558
1128661101905
1131369275172
1134083947923
1136805135755
1139532854305
1142267119246
1145007946290
1147755351186
1150509349720
1153269957718
1156037191042
1158811065592
1161591597309
1164378802168
1167172696185
1169973295415
1172780615950
1175594673921
1178415485498
1181243066889
1184077434343
1186918604144
1189766592620
1192621416135
1195483091093
1198351633938
1201227061152
1204109389258
1206998634818
1209894814434
1212797944747
1215708042440
1218625124234
1221549206890
1224480307212
1227418442040
1230363628259
1233315882791
1236275222600
1239241664692
1242215226110
1245195923943
1248183775316
1251178797400
1254181007402
1257190422575
1260207060211
1263230937644
1266262072248
1269300481442
1272346182684
1275399193475
1278459531359
1281527213919
1284602258784
1287684683623
1290774506148
1293871744113
1296976415315
1300088537594
1303208128832
1306335206956
1309469789933
1312611895776
1315761542538
1318918748319
1322083531260
1325255909546
1328435901406
1331623525112
1334818798981
1338021741373
1341232370693
1344450705389
1347676763954
1350910564926
1354152126886
1357401468461
1360658608321
1363923565183
1367196357807
1370477004999
1373765525611
1377061938537
1380366262720
1383678517147
1386998720851
1390326892909
1393663052445
1397007218631
1400359410680
1403719647857
1407087949468
1410464334869
1413848823460
1417241434690
1420642188052
1424051103087
1427468199385
1430893496579
1434327014352
1437768772433
1441218790599
1444677088674
1448143686530
1451618604086
1455101861310
1458593478216
1462093474869
1465601871379
1469118687905
1472643944657
1476177661891
1479719859911
1483270559072
1486829779776
1490397542475
1493973867670
1497558775911
1501152287797
1504754423976
1508365205148
1511984652059
1515612785508
1519249626343
1522895195461
1526549513810
1530212602388
1533884482244
1537565174477
1541254700236
1544953080722
1548660337187
1552376490932
1556101563310
1559835575728
1563578549641
1567330506555
1571091468032
1574861455681
1578640491165
1582428596200
1586225792551
1590032102039
1593847546534
1597672147961
1601505928296
1605348909569
1609201113862
1613062563310
1616933280101
1620813286477
1624702604734
1628601257219
1632509266335
1636426654538
1640353444337
1644289658296
1648235319033
1652190449221
1656155071586
1660129208909
1664112884027
1668106119829
1672108939262
1676121365326
1680143421078
1684175129627
1688216514142
1692267597844
1696328404012
1700398955979
1704479277135
1708569390926
1712669320855
1716779090480
1720898723417
1725028243337
1729167673970
1733317039100
1737476362571
1741645668283
1745824980193
1750014322315
1754213718724
1758423193548
1762642770975
1766872475253
1771112330685
1775362361635
1779622592523
1783893047830
1788173752093
1792464729911
1796766005940
1801077604896
1805399551553
1809731870746
1814074587369
1818427726377
1822791312782
1827165371659
1831549928141
1835945007422
1840350634758
1844766835464
1849193634915
1853631058549
1858079131864
1862537880418
1867007329833
1871487505791
1875978434034
1880480140370
1884992650664
1889515990848
1894050186911
1898595264909
1903151250958
1907718171237
1912296051989
1916884919518
1921484800193
1926095720446
1930717706771
1935350785727
1939994983936
1944650328084
1949316844922
1953994561264
1958683503989
1963383700041
1968095176426
1972817960218
1977552078555
1982297558640
1987054427740
1991822713190
1996602442389
2001393642801
2006196341957
2011010567455
2015836346958
2020673708195
2025522678963
2030383287123
2035255560607
2040139527411
2045035215598
2049942653300
2054861868717
2059792890113
2064735745824
2069690464253
2074657073868
2079635603211
2084626080887
2089628535572
2094642996012
2099669491021
2104708049480
2109758700344
2114821472632
2119896395437
2124983497920
2130082809312
2135194358915
2140318176100
2145454290309
2150602731055
2155763527923
2160936710566
2166122308710
2171320352153
2176530870763
2181753894481
2186989453318
2192237577360
2197498296763
2202771641755
2208057642638
2213356329786
2218667733646
2223991884738
2229328813656
2234678551066
2240041127709
2245416574399
2250804922023
2256206201545
2261620444000
2267047680500
2272487942230
2277941260451
2283407666498
2288887191783
2294379867792
2299885726085
2305404798301
2310937116153
2316482711430
2322041615999
2327613861801
2333199480856
2338798505259
2344410967184
2350036898879
2355676332673
2361329300971
2366995836255
2372675971087
2378369738104
2384077170025
2389798299645
2395533159839
2401281783559
2407044203839
2412820453789
2418610566603
2424414575549
2430232513979
2436064415323
2441910313094
2447770240881
2453644232357
2459532321275
2465434541469
2471350926853
2477281511425
2483226329262
2489185414523
2495158801452
2501146524372
2507148617688
2513165115891
2519196053552
2525241465325
2531301385949
2537375850244
2543464893115
2549568549552
2555686854626
2561819843494
2567967551398
